#time, goalRoll, Torque, speed, roll, steer, rollrate, steerrate, intE, fsmstate, kickangle, Tdelayed
0.005,0,0.0045093501287877605,108.71477026524433,-3.871068285548798e-06,1.9064346153903775e-05,-0.0007732427835454213,0.0003686426767796014,1.935534142774399e-08,driving,1.0999998498746328,0.0045093501287877605
0.01,0,6.582995997019205,1.9463054721198738,-0.23278322548777167,0.0023786482392652458,-0.005346687371242896,0.5481496500135463,0.001163935482780286,driving,1.1050001417862798,6.582995997019205
0.015,0,8.62494188479933,2.340727648811356,-0.2345721129367966,0.004303830843457949,-0.3699118436908995,0.8115206314154911,0.002336796047464269,driving,1.1097497688799816,8.62494188479933
0.02,0,7.856581824076937,2.5390137757702043,-0.23594999769314595,0.007709735425366302,-0.2896388003708938,1.0295923935585944,0.0035165460359299987,driving,1.114262131707735,7.856581824076937
0.025,0,6.918513715875641,2.6512358605261737,-0.23682110658018454,0.012747752474740203,-0.18786671289537868,1.2536007697832154,0.004700651568830922,driving,1.1185489110845885,6.918513715875641
0.030000000000000002,0,6.025870737164652,2.7463772893731133,-0.23725469227930257,0.01943969698826915,-0.09895715415692831,1.4894826219576545,0.005886925030227435,driving,1.1226213878275593,6.025870737164652
0.035,0,5.303342042288736,2.8443134021639,-0.23741320268704805,0.02771405007632785,-0.041657990758017294,1.7385319594393607,0.007073991043662675,driving,1.1264902743809102,5.303342042288736
0.04,0,4.721538004182404,2.9349959288275014,-0.23742203707834542,0.03748321409705522,-0.009341531325155864,1.9942263781388128,0.008261101229054402,driving,1.1301657357326784,4.721538004182404
0.045,0,4.24316036913166,2.98436230147813,-0.23736181062719094,0.04863649516514678,0.0063813025881552105,2.2458283823235696,0.009447910282190356,driving,1.1336574315870285,4.24316036913166
0.049999999999999996,0,3.8183546054334,2.9983822911790825,-0.23726937944599405,0.061083515142713,0.01414411814473967,2.4900423626860393,0.010634257179420327,driving,1.1369745386021375,3.8183546054334
0.05499999999999999,0,3.4432298778281836,3.004526678691385,-0.23718521661401878,0.074771083008303,0.013657587781704783,2.732752526163581,0.011820183262490421,driving,1.1401257903334823,3.4432298778281836
0.05999999999999999,0,3.23873051751752,3.0272019497032785,-0.23723315564967526,0.08954153494646863,-0.012699899834707568,2.9699137931323465,0.013006349040738798,driving,1.1431194434896688,3.23873051751752
0.06499999999999999,0,3.0353035458366344,3.0309698603365423,-0.23740686195985722,0.1053543066416585,-0.03732068470958101,3.1964470078061895,0.014193383350538085,driving,1.145963437615389,3.0353035458366344
0.06999999999999999,0,2.664979713214274,3.031206259766517,-0.2375689927969062,0.12228193514058752,-0.034980180517619294,3.413490573116497,0.015381228314522617,driving,1.1486652337526704,2.664979713214274
0.075,0,2.2843663937377583,3.0321600961568884,-0.23771604928198545,0.1403268509742151,-0.031970166031116465,3.6301570635643436,0.016569808560932545,driving,1.1512319413380914,2.2843663937377583
0.08,0,1.8973019973658918,3.0339541356906996,-0.23784816157124286,0.15948851670410766,-0.028974756640198374,3.8468748973694176,0.01775904936878876,driving,1.1536703150508552,1.8973019973658918
0.085,0,1.5037266516913022,3.036580578632266,-0.23796526886874025,0.1797657476959633,-0.02594837634273796,4.063460643305373,0.01894887571313246,driving,1.155986771679817,1.5037266516913022
0.09000000000000001,0,1.1192721202346965,3.0400333592801787,-0.2380673487884626,0.20109428304411708,-0.022888613529750787,4.267578009233603,0.020139212457074774,driving,1.1581874070455407,1.1192721202346965
0.09500000000000001,0,0.7973482139197765,3.044276979876747,-0.23815516018403615,0.22319851414304312,-0.019927476773809533,4.418061165219566,0.021329988257994953,driving,1.1602780121172078,0.7973482139197765
0.10000000000000002,0,0.5280722952012722,3.04929510286005,-0.23822926217354254,0.2458482556248367,-0.01703838667332233,4.523767085110194,0.022521134568862667,driving,1.162264088324949,0.5280722952012722
0.10500000000000002,0,0.303445042450206,3.055075537367179,-0.23829012601770516,0.2688507569534724,-0.014215336555551206,4.591973183904658,0.023712585198951194,driving,1.1641508620281094,0.303445042450206
0.11000000000000003,0,0.11666503711426479,3.0616077356442153,-0.23833815530163235,0.29204504839610235,-0.011454113889412709,4.62885855949434,0.024904275975459356,driving,1.1659432982715419,0.11666503711426479
0.11500000000000003,0,0.8108254976046609,3.079889100728394,-0.23908678206269357,0.314984619079582,-0.15057229496491242,4.707210635582637,0.026099709885772822,driving,1.167646076726284,0.8108254976046609
0.12000000000000004,0,0.7270092223811897,3.1009662474663706,-0.24000255487191535,0.33856485916800255,-0.18398284488363564,4.868953452502373,0.0272997226601324,driving,1.1692637071234262,0.7270092223811897
0.12500000000000003,0,0.5938498329992088,3.1238193899962807,-0.24102883769046057,0.36275218578231583,-0.20593048496888497,5.011250644859979,0.028504866848584703,driving,1.1708004696579375,0.5938498329992088
0.13000000000000003,0,-1.0939528319446539,3.0694949199048343,-0.23981793944312177,0.3802048363428793,0.24515293168351074,3.9645864879311405,0.02970395654580031,driving,1.1722602877009134,-1.0939528319446539
0.13500000000000004,0,-4.676618340944245,3.0443837284114474,-0.23551563905894757,0.39484013010752395,0.8643342728232329,3.534749667153659,0.03088153474109505,driving,1.173647101362166,-4.676618340944245
0.14000000000000004,0,-7.153461211387343,3.0691656483117513,-0.2291209688674466,0.40754014015163353,1.2832949941571379,3.214654194528528,0.03202713958543228,driving,1.1749646244501861,-7.153461211387343
0.14500000000000005,0,-7.842185718179949,3.086298347583642,-0.22205464666914881,0.4185986962826398,1.4187007369374955,2.909484971356785,0.03313741281877803,driving,1.1762163309976401,-7.842185718179949
0.15000000000000005,0,-7.827548986920427,3.090125748043525,-0.21477975245899691,0.42765900082428526,1.4620265811806488,2.51639014517692,0.03421131158107302,driving,1.1774054862583196,-7.827548986920427
0.15500000000000005,0,-7.597336880390911,3.085569306797194,-0.20746968248826633,0.4347991787679918,1.4707627258987113,2.135012478407122,0.03524865999351435,driving,1.1785351999757991,-7.597336880390911
0.16000000000000006,0,-7.363548142114542,3.0809236863808893,-0.2001321448324128,0.4400766098191228,1.4779545901512532,1.7658849132363486,0.03624932071767641,driving,1.1796084299638456,-7.363548142114542
0.16500000000000006,0,-4.939441029909478,3.030335405199832,-0.19448040491392232,0.44223720672446115,1.1432749141199305,1.4545137329888094,0.03722172274224603,driving,1.180627988429526,-4.939441029909478
0.17000000000000007,0,-4.5040620074488125,3.024535058484883,-0.18892175852648063,0.44259367345444506,1.1250875396921207,1.1252808657130748,0.03816633153487843,driving,1.1815965572495208,-4.5040620074488125
0.17500000000000007,0,-4.359671174549562,3.033333871301538,-0.18322964144289278,0.44141332150512713,1.1513898638413458,0.803738229753067,0.0390824797420929,driving,1.182516699580211,-4.359671174549562
0.18000000000000008,0,-4.229311929012836,3.0449020062173604,-0.1773883478012409,0.43870966935383826,1.1804158103158384,0.4814898148950535,0.0399694214810991,driving,1.183390839461345,-4.229311929012836
0.18500000000000008,0,-4.083601666885692,3.054439135001324,-0.17139987631028591,0.43444864292591995,1.2087217885051982,0.152837255290714,0.04082642086265053,driving,1.1842212738339697,-4.083601666885692
0.19000000000000009,0,-4.275637092840335,3.060570502743925,-0.16492504577090156,0.42797415355445306,1.3056099622167952,-0.2562892056253626,0.04165104609150504,driving,1.185010158056228,-4.275637092840335
0.1950000000000001,0,-4.208659541432273,3.0531809471000964,-0.15829797332089537,0.42015578342458126,1.3357867599447002,-0.5276540315421636,0.04244253595810951,driving,1.1857596055912207,-4.208659541432273
0.2000000000000001,0,-3.9753599941294886,3.0410112102905815,-0.15165340536024444,0.41118067944758996,1.33929437452879,-0.7923986232616494,0.04320080298491073,driving,1.186471592463241,-3.9753599941294886
0.2050000000000001,0,-3.6648278047689473,3.028418324986118,-0.14506861597194545,0.40123379061998155,1.3275180161467455,-1.0374552163052275,0.04392614606477046,driving,1.1871479893481296,-3.6648278047689473
0.2100000000000001,0,-3.341026205215945,3.019586838336819,-0.13858449042731466,0.39052444172293904,1.3075348734912682,-1.2482458239004315,0.04461906851690703,driving,1.1877905698736817,-3.341026205215945
0.2150000000000001,0,-3.0329465188372873,3.0157123472734138,-0.13220333029169035,0.37912920221901375,1.2869770459173315,-1.4409639927314637,0.04528008516836548,driving,1.188401020479344,-3.0329465188372873
0.2200000000000001,0,-2.740281835686246,3.0153226039175287,-0.1259207271473195,0.3670779874202815,1.2671463988119993,-1.6225859155679339,0.045909688804102074,driving,1.188980946260999,-2.740281835686246
0.22500000000000012,0,-2.457043039658226,3.0164997982965103,-0.1197337829779434,0.354390634693136,1.2477503088364261,-1.796374316395085,0.04650835771899179,driving,1.1895318745089485,-2.457043039658226
0.23000000000000012,0,-2.1829263883282395,3.0173181544591645,-0.11363247007373911,0.34104968796223895,1.2302946320532526,-1.970262578815648,0.047076520069360486,driving,1.190055255629047,-2.1829263883282395
0.23500000000000013,0,-1.9016226851121703,3.016346015761594,-0.10763750613815697,0.32715486955568557,1.2086485347711347,-2.1257847825038567,0.04761470760005127,driving,1.1905524693262852,-1.9016226851121703
0.24000000000000013,0,-1.6175653945788624,3.0133298916138433,-0.1017599451244268,0.31277205410005554,1.1847862426803073,-2.2696366887541677,0.04812350732567341,driving,1.1910248221241424,-1.6175653945788624
0.24500000000000013,0,-1.327387470286192,3.009474195773509,-0.09601942589117234,0.2979994198222992,1.1569793137912816,-2.395696938977276,0.04860360445512927,driving,1.1914735581273515,-1.327387470286192
0.2500000000000001,0,-1.0845911168707634,3.0054201309596564,-0.09041833035979457,0.28304601653677725,1.1287270059317114,-2.4796374356104613,0.04905569610692824,driving,1.191899858161507,-1.0845911168707634
0.2550000000000001,0,-0.8833449591097828,3.0009949965563805,-0.0849648915488622,0.26812590077076526,1.0988483088918675,-2.5207983610491316,0.04948052056467255,driving,1.1923048432934173,-0.8833449591097828
0.2600000000000001,0,-0.7198401318943146,2.997026896801168,-0.07966001905658306,0.25339109381218883,1.0687915605115248,-2.5302973773016992,0.04987882065995547,driving,1.192689578063788,-0.7198401318943146
0.2650000000000001,0,-0.588363528342863,2.9941847398625776,-0.07450084013747571,0.23894434360043362,1.0392995823232483,-2.5169711180172585,0.05025132486064285,driving,1.193055075341969,-0.588363528342863
0.27000000000000013,0,-0.4835036546891711,2.9924326301167095,-0.06948165498839759,0.2248489631348069,1.010942923320128,-2.488388448953609,0.050598733135584835,driving,1.1934022984787396,-0.4835036546891711
0.27500000000000013,0,-0.40087618627405774,2.991004128008661,-0.06459671744618656,0.21115082335939067,0.983734817924,-2.448362007996514,0.050921716722815764,driving,1.1937321608886533,-0.40087618627405774
0.28000000000000014,0,-0.33375222171405605,2.9898714169173193,-0.0598480699111696,0.19791527835567044,0.956093581875198,-2.3943576262418658,0.05122095707237161,driving,1.1940455312981129,-0.33375222171405605
0.28500000000000014,0,-0.2878471325230363,2.9887456442779547,-0.055218818339346866,0.1851183438208604,0.9318487944527636,-2.341610513613486,0.051497051164068344,driving,1.1943432309547062,-0.2878471325230363
0.29000000000000015,0,-0.2516001528890559,2.987863315564002,-0.05070808006480293,0.1727807666365698,0.9077856727292832,-2.2828770990090494,0.05175059156439236,driving,1.1946260471571866,-0.2516001528890559
0.29500000000000015,0,-0.22508822178760246,2.9864276376303405,-0.04631287994706354,0.16091544535300567,0.8843170001993441,-2.2202927400728147,0.051982155964127676,driving,1.1948947213036603,-0.22508822178760246
0.30000000000000016,0,-0.205642263437817,2.9854052677246643,-0.04202944538053738,0.1495185027259834,0.86160626217986,-2.1568404501978824,0.05219230319103036,driving,1.1951499620622268,-0.205642263437817
0.30500000000000016,0,-0.1923457249877547,2.9845304767056837,-0.0378535585499165,0.13858023069156244,0.8397471967486361,-2.0937179992720276,0.05238157098377994,driving,1.1953924410140275,-0.1923457249877547
0.31000000000000016,0,-0.18723658083168715,2.9834275898921203,-0.03377564988257317,0.1280671761622389,0.8198317886727148,-2.0348622237742786,0.052550449233192804,driving,1.1956227951923406,-0.18723658083168715
0.31500000000000017,0,-0.1796846379675885,2.9823571450885242,-0.02980282555854732,0.11800266215885666,0.7984757208994951,-1.9713538660248975,0.05269946336098554,driving,1.1958416316944542,-0.1796846379675885
0.3200000000000002,0,-0.17901886876017814,2.981904652644719,-0.025922743890134797,0.10833430200179461,0.7796148199488975,-1.9158915703941397,0.052829077080436215,driving,1.1960495260508728,-0.17901886876017814
0.3250000000000002,0,-0.1751442073351126,2.9816860322816052,-0.022141123754604076,0.09907463287207491,0.7595980916526165,-1.8577162924067783,0.05293978269920924,driving,1.1962470270877252,-0.1751442073351126
0.3300000000000002,0,-0.17417464490344026,2.9817776048096616,-0.018451620392579245,0.09019223434659035,0.7408627223032115,-1.8044028833810943,0.05303204080117213,driving,1.196434653288682,-0.17417464490344026
0.3350000000000002,0,-0.17504377232868507,2.981918630111287,-0.014851175469885519,0.08166905670332103,0.7227472113240218,-1.7533311873561956,0.053106296678521556,driving,1.1966128969895078,-0.17504377232868507
0.3400000000000002,0,-0.1801522181137667,2.982246089349053,-0.01133277797658481,0.07347380417949857,0.7060564701653997,-1.7066465547561036,0.05316296056840448,driving,1.1967822280120028,-0.1801522181137667
0.3450000000000002,0,-0.183257147004126,2.9823049125407235,-0.007898174940779872,0.06560267150177204,0.6890200552224445,-1.6601777905254123,0.05320245144310838,driving,1.1969430929663973,-0.183257147004126
0.3500000000000002,0,-0.18226158983821517,2.982609989453205,-0.004550064073027183,0.058051267771833115,0.6714399824834154,-1.6145173547221885,0.05322520176347352,driving,1.1970959160215002,-0.18226158983821517
0.3550000000000002,0,-0.1863097015311055,2.9830213256026257,-0.0012800791371892723,0.05078642853160885,0.6555584526374276,-1.5738159326360588,0.053231602159159466,driving,1.1972410971680723,-0.1863097015311055
0.3600000000000002,0,-0.1887979714868473,2.9832536489986583,0.0019106196507197644,0.043802989313871624,0.639451582192084,-1.5334002215436118,0.053222049060905864,driving,1.1973790181859418,-0.1887979714868473
0.3650000000000002,0,-0.1905138616066948,2.984050253443622,0.005023369441533803,0.037087093315353106,0.6236192178554368,-1.4951559968661843,0.05319693221369819,driving,1.197510043820318,-0.1905138616066948
0.3700000000000002,0,-0.19141494174949236,2.9850419111901174,0.008059579588835476,0.030624202548486856,0.6080780414595713,-1.4591426963197347,0.053156634315754014,driving,1.1976345186705122,-0.19141494174949236
0.3750000000000002,0,-0.1910462792310348,2.9860554190744795,0.011020072454941243,0.024400834117223418,0.5927117192181959,-1.4250525714784357,0.05310153395347931,driving,1.1977527689204466,-0.1910462792310348
0.3800000000000002,0,-0.1905904976819104,2.9876040809026745,0.013906478606749139,0.0184052074368275,0.5776810610391333,-1.392719982039664,0.05303200156044556,driving,1.1978651073545556,-0.1905904976819104
0.38500000000000023,0,-0.1928061601725708,2.9889089512202,0.016722149080120707,0.012626190175309842,0.5633359350314546,-1.3617115324839226,0.05294839081504496,driving,1.197971828462188,-0.1928061601725708
0.39000000000000024,0,-0.1917399348710267,2.9898528356483784,0.019466147690514374,0.007054048877724446,0.5488100456732216,-1.3322854149231838,0.05285106007659239,driving,1.1980732139719081,-0.1917399348710267
0.39500000000000024,0,-0.18847719769913684,2.990805782427773,0.022138971856883367,0.0016760156472849048,0.53439163390604,-1.3049911719784186,0.052740365217307975,driving,1.1981695306689084,-0.18847719769913684
0.40000000000000024,0,-0.18283818232656524,2.991902422257376,0.024740654622011356,-0.0035198141082685083,0.5199909541660881,-1.2794293180460858,0.052616661944197916,driving,1.1982610307038375,-0.18283818232656524
0.40500000000000025,0,-0.17682635413023506,2.99368289033913,0.027272704999069752,-0.008543212108855128,0.5059008361187831,-1.2554705762800458,0.05248029841920257,driving,1.1983479564185122,-0.17682635413023506
0.41000000000000025,0,-0.1712480530189897,2.995329622303726,0.029737208564603476,-0.013404982625438351,0.4922386322287513,-1.2330462397026007,0.05233161237637955,driving,1.1984305354367468,-0.1712480530189897
0.41500000000000026,0,-0.16135659677277392,2.99663295166203,0.032132921020558966,-0.018116671613734956,0.478336670301165,-1.212439933703969,0.05217094777127676,driving,1.1985089847849277,-0.16135659677277392
0.42000000000000026,0,-0.14930517520977182,2.9984333784957373,0.03446065745747202,-0.022690024628225156,0.46460492469512066,-1.193989828747236,0.0519986444839894,driving,1.1985835126312578,-0.14930517520977182
0.42500000000000027,0,-0.13365276379155921,3.0003648016749134,0.03672049098403152,-0.027139133071134,0.4508958833237816,-1.1780263869351753,0.051815042029069246,driving,1.1986543147692483,-0.13365276379155921
0.43000000000000027,0,-0.11134354323407569,3.0019865263904864,0.038912862582376154,-0.03149212852796981,0.4372817414194612,-1.167266092912921,0.05162047771615737,driving,1.1987215763466095,-0.11134354323407569
0.4350000000000003,0,-0.08720340030376406,3.0034116954475913,0.041037139741863474,-0.03575050175708681,0.4235462773262709,-1.1566712521973805,0.05141529201744805,driving,1.198785474443224,-0.08720340030376406
0.4400000000000003,0,-0.059333314436878615,3.004672771327958,0.043092659419414904,-0.039924046183494794,0.4096803140764277,-1.147666673214362,0.051199828720350976,driving,1.1988461782908861,-0.059333314436878615
0.4450000000000003,0,-0.03231124489028314,3.0054819640148582,0.04507823982365492,-0.04400196248623225,0.3955843208058768,-1.1360366839152016,0.0509744375212327,driving,1.1989038461714763,-0.03231124489028314
0.4500000000000003,0,-0.009677051235639,3.006884672519039,0.04699513657680493,-0.04796992550371298,0.38174367218398525,-1.1215139587405665,0.050739461838348675,driving,1.1989586314863732,-0.009677051235639
0.4550000000000003,0,0.012034032226387215,3.008528756085181,0.04884300825485753,-0.051822131603038835,0.36784676702047964,-1.1052698540820391,0.050495246797074386,driving,1.1990106769711821,0.012034032226387215
0.4600000000000003,0,0.032745928626179754,3.010430707583924,0.05062326907080378,-0.05555904227665261,0.3542374463438485,-1.0890509481479593,0.050242130451720365,driving,1.1990601201618305,0.032745928626179754
0.4650000000000003,0,0.05339095711237052,3.011711545483913,0.052336257251667954,-0.05918033250274294,0.3406972244228362,-1.0724866243977536,0.04998044916546202,driving,1.1991070910099635,0.05339095711237052
0.4700000000000003,0,0.06971521533319192,3.0125317282145367,0.053982924334573607,-0.0626728214229356,0.32735080431502944,-1.0528421865633342,0.04971053454378915,driving,1.1991517140499404,0.06971521533319192
0.4750000000000003,0,0.08273126543304388,3.0133495724076234,0.05556414053026833,-0.06602720294363215,0.3141827708058037,-1.030889904117211,0.04943271384113781,driving,1.1991941065999085,0.08273126543304388
0.4800000000000003,0,0.09692522535779546,3.0140059369372016,0.057080306263946966,-0.06924887829299399,0.3010939350122824,-1.0097161383148523,0.04914731230981807,driving,1.1992343790566569,0.09692522535779546
0.4850000000000003,0,0.10893034721741968,3.014473256428607,0.058532133206416474,-0.07233376434944082,0.2881561348088482,-0.9869615379811782,0.04885465164378599,driving,1.1992726370943707,0.10893034721741968
0.4900000000000003,0,0.1196367937175633,3.0152189775276637,0.059921410176813295,-0.07528277996629122,0.27557492478797035,-0.964450001378057,0.04855504459290192,driving,1.1993089821827014,0.1196367937175633
0.49500000000000033,0,0.12835807444732095,3.0157859233178157,0.061248999306949964,-0.07809358687383902,0.2631764159479077,-0.9407135072323674,0.04824879959636717,driving,1.1993435095995628,0.12835807444732095
0.5000000000000003,0,0.13446966715241837,3.016543202030976,0.06251724478710563,-0.08076316577217983,0.25123870674564835,-0.9167838834826069,0.047936213372431646,driving,1.199376312007145,0.13446966715241837
0.5050000000000003,0,0.1413487079125142,3.016544687010452,0.06372594680567174,-0.08329675952792552,0.2392697587116029,-0.8927552144573124,0.04761758363840329,driving,1.1994074735567881,0.1413487079125142
0.5100000000000003,0,0.1439125299845676,3.016922149540096,0.06487793865603243,-0.08569011417722057,0.22787213315308444,-0.867704857434987,0.04729319394512312,driving,1.199437077815554,0.1439125299845676
0.5150000000000003,0,0.1488361536821805,3.017121126605815,0.06597300339556927,-0.08794947401610573,0.21642816536880846,-0.8438061844849711,0.046963328928145275,driving,1.1994652015324618,0.1488361536821805
0.5200000000000004,0,0.15490041138038435,3.016673746009435,0.06701209283289765,-0.09008269813581092,0.205168188870709,-0.8212484740422012,0.046628268463980785,driving,1.1994919185885606,0.15490041138038435
0.5250000000000004,0,0.160345563955833,3.015761030245116,0.06799834671720718,-0.0921062357021202,0.19454364353211967,-0.8008776164539793,0.04628827673039475,driving,1.1995172987813345,0.160345563955833
0.5300000000000004,0,0.16359527578965682,3.0151027034640396,0.06893062723161895,-0.09400017662473627,0.18368183580447542,-0.7770073055137818,0.045943623594236656,driving,1.199541410540876,0.16359527578965682
0.5350000000000004,0,0.16400027397041883,3.0144966214399376,0.06981239920588303,-0.09577113019658,0.1735157093469718,-0.7539446256398205,0.04559456159820724,driving,1.1995643175842627,0.16400027397041883
0.5400000000000004,0,0.1629202588723333,3.0139756353966196,0.07064491932371747,-0.09741954731954176,0.16360366553721414,-0.7305105961006413,0.04524133700158865,driving,1.199586079890557,0.1629202588723333
0.5450000000000004,0,0.1648875724280947,3.0132225238498247,0.07142791131746237,-0.09895370281485383,0.15363015639179012,-0.7087005093480728,0.04488419744500134,driving,1.1996067535276367,0.1648875724280947
0.5500000000000004,0,0.16610412785419493,3.0121876629291595,0.07216329963122099,-0.10038189702693985,0.14405089514375027,-0.6877559442126868,0.044523380946845235,driving,1.1996263925725017,0.16610412785419493
0.5550000000000004,0,0.16753046527107407,3.0113498413651207,0.07285215418669307,-0.10170609042618889,0.13468059403080995,-0.6675371774112148,0.04415912017591177,driving,1.1996450495338433,0.16753046527107407
0.5600000000000004,0,0.17028109147737214,3.010015542167169,0.07349513657161978,-0.1029324835982251,0.12543432941335558,-0.6484996119437676,0.04379164449305367,driving,1.1996627734262753,0.17028109147737214
0.5650000000000004,0,0.17169432635181292,3.0083596489925095,0.07409426111538216,-0.10406826577301748,0.11660015634030904,-0.6299342000222861,0.043421173187476764,driving,1.1996796106637968,0.17169432635181292
0.5700000000000004,0,0.16711418049521065,3.007285805614794,0.07465317687846405,-0.10510416117443888,0.10849062152864904,-0.6098399681454004,0.04304790730308444,driving,1.1996956082524957,0.16711418049521065
0.5750000000000004,0,0.16594004663586048,3.005959216039207,0.0751707014262858,-0.10604988880752833,0.10015513927318788,-0.590772537092652,0.04267205379595301,driving,1.1997108050848229,0.16594004663586048
0.5800000000000004,0,0.166112633838282,3.004824054494845,0.07564707584815249,-0.10690694812730675,0.09186207970585407,-0.5724875902294868,0.04229381841671225,driving,1.199725241683804,0.166112633838282
0.5850000000000004,0,0.16408411579711257,3.003478792670438,0.07608530851853179,-0.10768131236257485,0.08417420772428462,-0.5550469035998195,0.04191339187411959,driving,1.1997389568396855,0.16408411579711257
0.5900000000000004,0,0.16733427830708925,3.0018146145814213,0.07648324488198885,-0.10838185735361978,0.07605724731048931,-0.5390489546660759,0.041530975649709645,driving,1.1997519846105993,0.16733427830708925
0.5950000000000004,0,0.1652470046975713,3.0004013787717505,0.07684554682099597,-0.109008783166759,0.06887714317841995,-0.5230723328900192,0.041146747915604666,driving,1.1997643617945895,0.1652470046975713
0.6000000000000004,0,0.1661632066349496,2.998823335898592,0.07717071541827115,-0.1095628972489673,0.06138935406044975,-0.5074090786461347,0.040760894338513314,driving,1.1997761200022097,0.1661632066349496
0.6050000000000004,0,0.16459813377371013,2.9970280829268616,0.0774617036312169,-0.11004923229327551,0.054494544098892386,-0.49229744554247584,0.04037358582035723,driving,1.1997872908601905,0.16459813377371013
0.6100000000000004,0,0.16197943254867953,2.9953486239133604,0.07771966377116472,-0.11046867150908041,0.047832703232246476,-0.47703501217420535,0.03998498750150141,driving,1.1997979036639386,0.16197943254867953
0.6150000000000004,0,0.15895342663973727,2.9938937237962064,0.07794553077013237,-0.1108228503281782,0.04136079370963948,-0.46192354928052914,0.03959525984765075,driving,1.1998079860924944,0.15895342663973727
0.6200000000000004,0,0.16191690416809834,2.992363398935911,0.07813642128193958,-0.11111849536328554,0.03431324783905155,-0.44807867111833866,0.03920457774124105,driving,1.1998175625030616,0.16191690416809834
0.6250000000000004,0,0.1616011048309246,2.991161871464701,0.07829618890324921,-0.11136126993389103,0.028052899457858146,-0.4350847382674483,0.0388130967967248,driving,1.1998266595062592,0.1616011048309246
0.6300000000000004,0,0.15557762961913502,2.990639795375373,0.07842830033516321,-0.11154079546763664,0.022483878368487687,-0.4206512314397797,0.038420955295048985,driving,1.1998353038947431,0.15557762961913502
0.6350000000000005,0,0.15464861968192178,2.9897221744357596,0.0785304791430792,-0.1116682974667383,0.016476540572213753,-0.4075123876500808,0.03802830289933359,driving,1.1998435151727658,0.15464861968192178
0.6400000000000005,0,0.15504818457844188,2.9889303746779365,0.07860224139847723,-0.11174044825077828,0.010366331378368215,-0.3944104168270116,0.0376352916923412,driving,1.1998513155405222,0.15504818457844188
0.6450000000000005,0,0.15347871140266683,2.9879278158656404,0.07864665488612817,-0.1117645193187226,0.004876326610211318,-0.38243373332530656,0.03724205841791056,driving,1.1998587263356857,0.15347871140266683
0.6500000000000005,0,0.15532835306562048,2.986675257771259,0.07866175560369909,-0.11174049388234443,-0.0010155064422116451,-0.3706349493194633,0.03684874963989206,driving,1.19986576618697,0.15532835306562048
0.6550000000000005,0,0.15089849308788483,2.985584418212209,0.07865366922557146,-0.11167722732928405,-0.005664408395495358,-0.35971025527056755,0.036455481293764205,driving,1.199872455264828,0.15089849308788483
0.6600000000000005,0,0.15368278317463135,2.984752636905548,0.07861673807858605,-0.11157132093780624,-0.011445044075808136,-0.3481937870143142,0.03606239760337127,driving,1.1998788081967433,0.15368278317463135
0.6650000000000005,0,0.15176318796122906,2.9844087753950284,0.07855542745717664,-0.11142333531274558,-0.01632706987462756,-0.3370484833092053,0.03566962046608539,driving,1.1998848440542589,0.15176318796122906
0.6700000000000005,0,0.15111411270799674,2.98424983216033,0.07846945755276885,-0.1112372256533874,-0.02124792661014515,-0.3262012721890078,0.03527727317832155,driving,1.1998905774989577,0.15111411270799674
0.6750000000000005,0,0.15167806857159966,2.9844218036354486,0.07835769805624299,-0.11100566393386183,-0.02640121498585074,-0.31466551097885004,0.034885484688040334,driving,1.1998960243032468,0.15167806857159966
0.6800000000000005,0,0.14642681570612867,2.984669345981964,0.0782261418466171,-0.11073850142487157,-0.030333776978058394,-0.3043050547096078,0.03449435397880725,driving,1.1999012002722582,0.14642681570612867
0.6850000000000005,0,0.146491685788713,2.9849479024557724,0.07806973126220217,-0.11042604765827257,-0.035286577358340745,-0.29251143488091486,0.03410400532249624,driving,1.1999061170974261,0.146491685788713
0.6900000000000005,0,0.14534818063147414,2.985018610512349,0.0778913445661346,-0.11007747818959626,-0.03965795851706549,-0.28229180848953783,0.033714548599665564,driving,1.19991078828101,0.14534818063147414
0.6950000000000005,0,0.14774945441319115,2.984876663178345,0.0776888811253853,-0.10969232087538149,-0.044459780424731025,-0.27224195633044157,0.033326104194038635,driving,1.1999152253091077,0.14774945441319115
0.7000000000000005,0,0.1497650872894516,2.9846212845225493,0.07746462788155965,-0.10928251071907905,-0.04879030359957483,-0.26378824490118746,0.032938781054630835,driving,1.1999194396030095,0.1497650872894516
0.7050000000000005,0,0.14773656647376798,2.985123551239378,0.07722104985342136,-0.10884131872030234,-0.05262406441030908,-0.2542024620668912,0.03255267580536373,driving,1.1999234440404458,0.14773656647376798
0.7100000000000005,0,0.1470965832981203,2.9859718299919886,0.07695748739716936,-0.10837075497316065,-0.05657516892046194,-0.2446476793154367,0.03216788836837788,driving,1.1999272477086935,0.1470965832981203
0.7150000000000005,0,0.14181847252521262,2.987515431986395,0.07667669235390137,-0.10786073770909577,-0.05998013025290273,-0.23383686717402313,0.03178450490660838,driving,1.1999308632274124,0.14181847252521262
0.7200000000000005,0,0.14176431690496638,2.988651279025253,0.07637631924817948,-0.10732230731546091,-0.06383908344357675,-0.22442014481738495,0.03140262331036748,driving,1.1999342968851796,0.14176431690496638
0.7250000000000005,0,0.14302108649524042,2.9899204854107686,0.07605536397490087,-0.10674932143675499,-0.06790711747510533,-0.21455884870389877,0.031022346490492975,driving,1.1999375584627963,0.14302108649524042
0.7300000000000005,0,0.1441584584931319,2.990941586007397,0.07571613630072221,-0.10615459613938057,-0.07149722108801639,-0.20659454844958916,0.030643765808989365,driving,1.1999406561932109,0.1441584584931319
0.7350000000000005,0,0.14599931864561116,2.9921935199406344,0.07535770399645829,-0.10553076143741047,-0.07528177858689102,-0.197778308070512,0.030266977289007072,driving,1.1999435991744432,0.14599931864561116
0.7400000000000005,0,0.14333602015521038,2.993287299578492,0.07498411377467668,-0.10487849303417526,-0.07826313826926667,-0.1891520511740809,0.02989205672013369,driving,1.1999463969678335,0.14333602015521038
0.7450000000000006,0,0.1447236851058419,2.9939315588604027,0.07459343829053466,-0.10420752914763433,-0.08162010168596855,-0.18138896236414478,0.029519089528681014,driving,1.1999490539473805,0.1447236851058419
0.7500000000000006,0,0.14290125056247646,2.9952029820880677,0.07418791414082933,-0.10351321631622636,-0.08452889812542871,-0.17295971266225094,0.029148149957976866,driving,1.199951578620525,0.14290125056247646
0.7550000000000006,0,0.1465274167396419,2.9964820472425098,0.07376390030701636,-0.10279557633585765,-0.08816814781141064,-0.16469908226557345,0.028779330456441786,driving,1.1999539754537278,0.1465274167396419
0.7600000000000006,0,0.145295678214829,2.998064104572141,0.07332587796168759,-0.1020559349378435,-0.09090732344108667,-0.15679805209633868,0.028412701066633347,driving,1.1999562532859096,0.145295678214829
