# time, goalRoll, Torque, speed, roll, steer, rollrate, steerrate, intE, fsmstate, kickangle, Tdelayed
0.005,0,0.015039513970363358,108.71477026524433,-3.871068285548857e-06,1.906434615390377e-05,-0.0007732427835454332,0.0003686426767795713,1.9355341427744286e-08,driving,1.0999998498746328,0.0
0.01,0,20.542085486652454,1.9463048065439559,-0.23278334173199508,0.002376532795011146,-0.005371340953117731,0.5477237296346111,0.001163936064001403,driving,1.1050001417880142,0.0
0.015,0,28.594813780058036,2.3406507538556434,-0.23456849610088318,0.003170406669309241,-0.3687428683247617,0.5895380332910002,0.002336778544505819,driving,1.1097497686603555,0.0
0.02,0,26.8261037782091,2.538929405791526,-0.23594080348097873,0.004360437322952804,-0.2880466990737296,0.5918846932053061,0.003516482561910713,driving,1.1142621314201135,0.0
0.025,0,24.470753549346533,2.6511506701514707,-0.23680528447455454,0.0061120584477139745,-0.18609351298899532,0.6022080648163202,0.004700508984283485,driving,1.1185489107772209,0.0
0.030000000000000002,0,22.282267457101376,2.746291868853885,-0.23723145218009814,0.008449138556881551,-0.09707425571228027,0.6245097182657853,0.005886666245183976,driving,1.1226213875249482,0.0
0.035,0,20.69821544568203,2.8442007453051312,-0.23738192427232477,0.011295328568802918,-0.03969872910050222,0.6588792830431697,0.0070735758665455995,driving,1.1264902740816367,0.0
0.04,0,19.609751406151005,2.9348444169164813,-0.23738221595272196,0.014556974401369684,-0.007322580183957671,0.6985993322047499,0.008260486946309209,driving,1.1301657354353585,0.0
0.045,0,18.87093326737037,2.984301110694,-0.2373131452334456,0.018128189095484037,0.008427067638299448,0.7351174989031386,0.009447052672476437,driving,1.1336574313103671,0.0
0.049999999999999996,0,18.308184929882806,2.9983606033957755,-0.23721237243846285,0.021928242851080585,0.016064633831291066,0.7662782980003502,0.010633114534668751,driving,1.136974538355412,0.0
0.05499999999999999,0,17.913483444135945,3.0045245774217273,-0.2371189949487359,0.02590783607233033,0.0157277626492671,0.7964722047271993,0.01181870950941243,driving,1.1401257900955424,0.0
0.05999999999999999,0,18.13568641068391,3.027227884121302,-0.23715341075217428,0.029835287261645,-0.00961052409294039,0.8106543236346114,0.013004476563173302,driving,1.1431194431220832,0.0
0.06499999999999999,0,18.418876838216264,3.0306503594640724,-0.23732217242307677,0.03367392725892865,-0.03577556799905986,0.8169753024999569,0.014191087425288686,driving,1.1459634371759564,0.0
0.06999999999999999,0,18.136129903832526,3.030548559393297,-0.23749025115135772,0.037504074449276635,-0.03545699527231081,0.8157121393106176,0.015378538681045474,driving,1.1486652332485912,0.0
0.075,0,17.84010900871563,3.031132171458426,-0.23765448866272817,0.04133063256016932,-0.034559742000824525,0.8145763618177229,0.016566811124359114,driving,1.1512319407672627,0.0
0.08,0,17.545459050850354,3.0325181732071265,-0.23781532572777536,0.045154179346054014,-0.03376196547530078,0.8137084431691195,0.017755887752997992,driving,1.1536703144112164,0.015039513970363358
0.085,0,17.249814762315165,3.0346965414643297,-0.23797305080801173,0.04897796233072692,-0.03302598112299236,0.813567110091995,0.01894575300703805,driving,1.1559867709697293,20.542085486652454
0.09000000000000001,0,16.73667161620515,3.0376731400701105,-0.23812636957219244,0.0531391907979404,-0.03207731715096183,0.8791053988551767,0.020136384854899013,driving,1.158187406297217,28.594813780058036
0.09500000000000001,0,16.198278124085256,3.041444187486384,-0.23827530319099796,0.05763636343387542,-0.03112738008521847,0.9443193268674086,0.021327761370854,driving,1.1602780113546332,26.8261037782091
0.10000000000000002,0,15.633329346695078,3.046005559915025,-0.23841975639074225,0.062469221294363365,-0.030151700494459328,1.0094811637999377,0.022519860152807714,driving,1.1622640875674262,24.470753549346533
0.10500000000000002,0,15.041850075997955,3.051352677150903,-0.23855963144839432,0.06763748111421818,-0.029149878186638802,1.0745837734196306,0.023712658310049685,driving,1.1641508612917788,22.282267457101376
0.11000000000000003,0,14.423914048995215,3.0574803239912467,-0.23869483030483293,0.07314078382069358,-0.0281220319680786,1.139608831439157,0.02490613246157385,driving,1.1659432975701565,20.69821544568203
0.11500000000000003,0,16.30104863691014,3.0795713722387617,-0.2394047187269238,0.07865343432440543,-0.14236812572239335,1.2470849486319007,0.02610315605520847,driving,1.1676460781367966,19.609751406151005
0.12000000000000004,0,16.333508887666696,3.1015981202135285,-0.24026232141617188,0.08446788854628541,-0.17197752784712492,1.3388516916893947,0.027304467662289326,driving,1.1692637096713554,18.87093326737037
0.12500000000000003,0,16.159582253281833,3.1239514396210617,-0.24122268429326343,0.09061620547776361,-0.19248123349684015,1.4263602954264214,0.028510581083755645,driving,1.1708004706329331,18.308184929882806
0.13000000000000003,0,12.481766057282597,3.0541941525002287,-0.24156299536705522,0.09702823606671791,-0.06688776469296367,1.5819458053412423,0.029718396060590922,driving,1.1722602989550823,17.913483444135945
0.13500000000000004,0,9.807118577963145,3.063678606826852,-0.24152691786105196,0.10397658852898714,0.008996660527844006,1.7493405528774972,0.030926030649896182,driving,1.1736471903164236,18.13568641068391
0.14000000000000004,0,8.109832116374246,3.0860950291509464,-0.24128853695726452,0.11131660854147848,0.04988627804244868,1.8301778130875435,0.032132473334682506,driving,1.1749647838071826,18.418876838216264
0.14500000000000005,0,7.035063554744093,3.0957658789352425,-0.24095635170607232,0.11879197673267938,0.06919771547965747,1.8541674071958703,0.033337255093212864,driving,1.1762165217359013,18.136129903832526
0.15000000000000005,0,6.161164506778986,3.095995135905326,-0.24058301174233018,0.12643509582227552,0.07795662996219754,1.8840587987790034,0.03454017015192452,driving,1.1774056847346737,17.84010900871563
0.15500000000000005,0,5.29080650723871,3.0951618662508156,-0.24018082697207818,0.13430246738696647,0.0842277070464253,1.9251190890766399,0.035741074286784906,driving,1.1785353907001799,17.545459050850354
0.16000000000000006,0,6.048510018483696,3.0184440791221534,-0.24009921325485617,0.14200759123391113,0.02034604115725301,1.956468289860379,0.036941570353059186,driving,1.1796085757596886,17.249814762315165
0.16500000000000006,0,5.616166088007468,3.0002388317522053,-0.2400767005495989,0.14984589603365142,0.008335794673289208,1.9993988342019928,0.03814195385580718,driving,1.1806281120367892,16.73667161620515
0.17000000000000007,0,4.967151865990764,3.0070619514236516,-0.2400745754881328,0.1579153818021773,0.003939345771177933,2.053440699187325,0.03934232673324785,driving,1.1815966812250442,16.198278124085256
0.17500000000000007,0,3.4604422714624645,3.019104061503026,-0.23964857408920529,0.1641261448944616,0.08918643007575434,1.7462815275969494,0.04054056960369387,driving,1.1825168039508256,15.633329346695078
0.18000000000000008,0,2.3364783507348683,3.0169644354697067,-0.23905792394510123,0.1699677627832134,0.12233491299003285,1.7176030596093033,0.04173585922341938,driving,1.183390915850927,15.041850075997955
0.18500000000000008,0,1.467795979619174,3.008316148376726,-0.2383908948285785,0.1757914193258963,0.13776197975598145,1.7363711428394093,0.042927813697562274,driving,1.1842213279290494,14.423914048995215
0.19000000000000009,0,0.6601386570737136,3.002064640008552,-0.23766261953278833,0.18164190268109137,0.15025842635040698,1.7543622769922136,0.04411612679522622,driving,1.185010227611059,16.30104863691014
0.1950000000000001,0,-0.18004303140152889,2.992720877942638,-0.23686131874461824,0.18750539368383873,0.1651371172690221,1.7626746816949492,0.04530043338894931,driving,1.18575968553218,16.333508887666696
0.2000000000000001,0,-1.0882892164954319,2.9889539606974385,-0.23597246870531277,0.19337740080864504,0.1829370860025387,1.7691941895267331,0.046480295732475876,driving,1.186471670382273,16.159582253281833
0.2050000000000001,0,-1.9905876057380931,2.9893867558092357,-0.23499439137157072,0.19921674512824772,0.2010402798748118,1.7693548447799774,0.04765526768933373,driving,1.1871480561798924,12.481766057282597
0.2100000000000001,0,-2.9110471287543636,2.992609235983702,-0.23391980108796706,0.20498570344391662,0.2205356969508133,1.7639162617925885,0.04882486669477357,driving,1.1877906216497107,9.807118577963145
0.2150000000000001,0,-3.832060062820532,2.9967652672852174,-0.23274171825072798,0.2106093283467615,0.24142189446242523,1.748628343249928,0.04998857528602721,driving,1.188401058788554,8.109832116374246
0.2200000000000001,0,-4.749488363841608,2.9993519211395747,-0.2314606229915437,0.21608399659515884,0.26221856073950184,1.7337993853847042,0.051145878400984925,driving,1.1889809748835873,7.035063554744093
0.22500000000000012,0,-5.67669089580911,2.9996836515153187,-0.23007435563211667,0.2214250402115634,0.28343308477167023,1.7196399270564635,0.052296250179145506,driving,1.1895318952545704,6.161164506778986
0.23000000000000012,0,-6.603772190637441,2.9989223417432638,-0.22858406206034937,0.22665145889223753,0.3044091210734654,1.7072872497618055,0.053439170489447255,driving,1.1900552699353801,5.29080650723871
0.23500000000000013,0,-7.554402711932884,2.9974897443912685,-0.2269863612985129,0.23177923128614591,0.32608367144987943,1.6972128256668033,0.05457410229593982,driving,1.190552475230107,6.048510018483696
0.24000000000000013,0,-8.511129736437908,2.9956660613513635,-0.22527916935273706,0.23680268009508393,0.34820157738325264,1.6853373591829488,0.0557004981427035,driving,1.1910248206735354,5.616166088007468
0.24500000000000013,0,-9.505528149319058,2.993653526234183,-0.22345734690542476,0.24174790904693033,0.37136712742337297,1.6771544788062265,0.056817784877230625,driving,1.191473547271648,4.967151865990764
0.2500000000000001,0,-10.459780543332435,2.9922120683575795,-0.22152853888110297,0.24660127920800348,0.3930086662307297,1.6659596641429513,0.05792542757163614,driving,1.1918998396852927,3.4604422714624645
0.2550000000000001,0,-11.432150028024582,2.9912892652919836,-0.21948724898670582,0.25134916978814004,0.4157616077289484,1.6518466020897815,0.059022863816569675,driving,1.1923048182355618,2.3364783507348683
0.2600000000000001,0,-12.391667607424518,2.990680367535235,-0.21733583247466226,0.2559906071593374,0.4380276886834089,1.6364743511648565,0.060109542978942984,driving,1.1926895491828031,1.467795979619174
0.2650000000000001,0,-12.966853151108106,2.990179603909695,-0.21507065146340393,0.25989874255750495,0.46102149867345676,1.496278336939559,0.06118489623626001,driving,1.1930550414848358,0.6601386570737136
0.27000000000000013,0,-13.449450321719882,2.9896422911570766,-0.21270868518957683,0.2631298391337922,0.48059303271880005,1.3654454312489366,0.06224843966220789,driving,1.1934022598923033,-0.18004303140152889
0.27500000000000013,0,-13.865561343170407,2.9888047464837166,-0.21025931897555208,0.2657242118983362,0.4982686607416765,1.2404042255702632,0.06329973625708565,driving,1.1937321180425045,-1.0882892164954319
0.28000000000000014,0,-14.2386259920342,2.9876877938096267,-0.2077277130606528,0.267728506637855,0.5148755414904395,1.1217797817939577,0.06433837482238891,driving,1.194045482611771,-1.9905876057380931
0.28500000000000014,0,-14.522329144512282,2.987009580985714,-0.20512757131272671,0.26916512978934326,0.5287032498464103,1.006443043940469,0.06536401267895255,driving,1.1943431808251352,-2.9110471287543636
0.29000000000000015,0,-14.767243152368838,2.9864791968024025,-0.20246152845475698,0.2700548016292786,0.5419841047177879,0.8942609807692024,0.06637632032122633,driving,1.1946259945680981,-3.832060062820532
0.29500000000000015,0,-14.96739912566599,2.985682062066726,-0.19973485696197393,0.2704257458783727,0.5541979694848659,0.7865934940116118,0.0673749946060362,driving,1.1948946677452459,-4.749488363841608
0.30000000000000016,0,-15.120370963588242,2.9845366833345515,-0.19695384961015985,0.2703069084956898,0.5651474156613041,0.6835342097862456,0.068359763854087,driving,1.19514990733065,-5.67669089580911
0.30500000000000016,0,-15.227650821678399,2.98312216376457,-0.19412484381082315,0.2697270261532616,0.574828942403843,0.5850454973208092,0.06933038807314111,driving,1.1953923850105914,-6.603772190637441
0.31000000000000016,0,-15.304525315911494,2.9815844841229775,-0.1912519080097347,0.2687238070379536,0.5836762436785672,0.49218505428727904,0.07028664761318978,driving,1.195622737738676,-7.554402711932884
0.31500000000000017,0,-15.299525906030297,2.9805946818862004,-0.1883509918846937,0.26733145068416575,0.5893006895492903,0.4050700594580739,0.07122840257261326,driving,1.1958415744886939,-8.511129736437908
0.3200000000000002,0,-15.260182319628994,2.980082617988089,-0.18542714381821845,0.2655833211577353,0.5938572460831155,0.3227939370163397,0.07215553829170435,driving,1.1960494694575703,-9.505528149319058
0.3250000000000002,0,-15.201715396796846,2.9802536245675952,-0.182478150802902,0.26346821774497636,0.5988452365572287,0.2392553537491245,0.07306792904571886,driving,1.1962469700015252,-10.459780543332435
0.3300000000000002,0,-15.097292471397992,2.9803876784542562,-0.17951174016726645,0.2610127059524196,0.6022544826341706,0.16024209388319982,0.07396548774655519,driving,1.1964345965452823,-11.432150028024582
0.3350000000000002,0,-14.969882924854348,2.9803080265905315,-0.17653055973278056,0.2582397448749988,0.6051202756099491,0.08521193456909953,0.07484814054521909,driving,1.1966128416461577,-12.391667607424518
0.3400000000000002,0,-14.819928567072918,2.9798373537693132,-0.17353649601164423,0.2551627426246837,0.6076133360925635,0.012690011361711107,0.07571582302527731,driving,1.196782174191961,-12.966853151108106
0.3450000000000002,0,-14.621514212064612,2.9792018767750497,-0.1705393390423089,0.2518143096853064,0.6081307805695993,-0.054508066101615626,0.07656851972048885,driving,1.196943040901704,-13.449450321719882
0.3500000000000002,0,-14.415872091307582,2.9786048230140882,-0.16754007198445733,0.24822608951856223,0.6084323879340168,-0.11647143943709243,0.07740622008041113,driving,1.1970958628500865,-13.865561343170407
0.3550000000000002,0,-14.162132016497504,2.978598365385342,-0.16454724346959126,0.24441106063932713,0.6070074901256506,-0.1758554503678291,0.07822895629775908,driving,1.197241044876418,-14.2386259920342
0.3600000000000002,0,-13.877973964171426,2.9789397198082663,-0.16156657508243621,0.24039226927251336,0.6044161528409175,-0.2312647596635088,0.07903678917317127,driving,1.197378968766519,-14.522329144512282
0.3650000000000002,0,-13.602556446532585,2.9793268462154607,-0.15859299469467036,0.23617189138892303,0.6028295003367533,-0.28610935291829676,0.07982975414664462,driving,1.197509994905765,-14.767243152368838
0.3700000000000002,0,-13.279529295731471,2.980088412466868,-0.15563756110412935,0.23177963011373556,0.5990062649575444,-0.335334437401714,0.08060794195216527,driving,1.197634470876178,-14.96739912566599
0.3750000000000002,0,-12.933567560987965,2.980998529603773,-0.15270397344835637,0.22723013790963753,0.5944248738312768,-0.3820971395664781,0.08137146181940705,driving,1.197752723940395,-15.120370963588242
0.3800000000000002,0,-12.590609462622318,2.9818134429387078,-0.14978803601499371,0.2225149227101569,0.590697089050329,-0.42974738907131677,0.08212040199948202,driving,1.1978650639668165,-15.227650821678399
0.38500000000000023,0,-12.224304776637766,2.98239071595777,-0.1468972444563114,0.2176786694459474,0.5854380704932077,-0.4699173235429779,0.08285488822176358,driving,1.1979717863607378,-15.304525315911494
0.39000000000000024,0,-11.826632256371806,2.9835402991745625,-0.14403770769890256,0.2127318089298241,0.5789436996567395,-0.5078247738443314,0.08357507676025809,driving,1.1980731736592074,-15.299525906030297
0.39500000000000024,0,-11.435097950549855,2.9847068263424514,-0.14120475231231397,0.20766212867170272,0.5734025091181144,-0.5471671116134192,0.08428110052181965,driving,1.1981694913537266,-15.260182319628994
0.40000000000000024,0,-11.013536150619952,2.9856246710790684,-0.13840658506771752,0.20250073550106448,0.5662134713418837,-0.5809266608910653,0.08497313344715825,driving,1.1982609938189328,-15.201715396796846
0.40500000000000025,0,-10.59586445911397,2.986372357843503,-0.13563995886081925,0.19724198208702548,0.5596969011045384,-0.6152382719386916,0.08565133324146235,driving,1.198347920732285,-15.097292471397992
0.41000000000000025,0,-10.129335864522252,2.987186301193545,-0.13291986750485876,0.1919382447971767,0.550155308178584,-0.6407347857952223,0.08631593257898663,driving,1.198430502829366,-14.969882924854348
0.41500000000000026,0,-9.692667337268936,2.9883029738741627,-0.13023592860463679,0.18657034631364222,0.5426992614116687,-0.6694691217868773,0.08696711222200981,driving,1.1985089539826268,-14.819928567072918
0.42000000000000026,0,-9.231444946892044,2.98983079056426,-0.12759578909798597,0.18116602800859585,0.533693484393793,-0.6926832833699471,0.08760509116749975,driving,1.198583482158102,-14.621514212064612
0.42500000000000027,0,-8.765543770580448,2.9917596282609,-0.12499749404740057,0.17570596605060995,0.525095645251807,-0.718187236183458,0.08823007863773676,driving,1.1986542841841317,-14.415872091307582
0.43000000000000027,0,-8.263576886088252,2.9934234104793935,-0.12244953050794326,0.1702039940773123,0.5148114949055993,-0.7407435954214816,0.08884232629027647,driving,1.1987215483324865,-14.162132016497504
0.4350000000000003,0,-7.769541602599519,2.994697519105406,-0.11995150720051359,0.16468755283029957,0.5045874564210151,-0.7593144311508486,0.08944208382627904,driving,1.1987854476769444,-13.877973964171426
0.4400000000000003,0,-7.247240542374927,2.9963119721927143,-0.11750839707877761,0.15915024604919498,0.4933860121061489,-0.7781655478771332,0.09002962581167293,driving,1.1988461548651599,-13.602556446532585
0.4450000000000003,0,-6.740826483575628,2.9973999816722787,-0.11511794299931336,0.15361452918676657,0.4826297337281148,-0.7935812574388987,0.09060521552666949,driving,1.1989038254081519,-13.279529295731471
0.4500000000000003,0,-6.2417252351482615,2.998655724943222,-0.11277761032238082,0.1480746083395932,0.47239117869893554,-0.8090516792726893,0.0911691035782814,driving,1.1989586105714685,-12.933567560987965
0.4550000000000003,0,-5.711450360345934,3.0002166868749858,-0.11049605642812288,0.14254736407585566,0.4604212118245987,-0.8207069551803778,0.091721583860422,driving,1.1990106574057495,-12.590609462622318
0.4600000000000003,0,-5.189093369113657,3.0015330108739358,-0.1082698922631968,0.13702238362487648,0.44915076079766625,-0.8335954760764505,0.09226293332173799,driving,1.1990601017253806,-12.224304776637766
0.4650000000000003,0,-4.646888975770193,3.002448197751665,-0.106105284361589,0.13152009563675987,0.43665028275307716,-0.8427661646878766,0.09279345974354593,driving,1.1991070745428094,-11.826632256371806
0.4700000000000003,0,-4.095424595556018,3.0032904867134755,-0.1040045818457197,0.1260478962852137,0.42368502746538134,-0.850603751825434,0.09331348265277453,driving,1.1991516993144609,-11.435097950549855
0.4750000000000003,0,-3.548857878510695,3.0041577813907954,-0.10196772727390765,0.12061912766781514,0.4107256242721792,-0.8561802587276983,0.09382332128914407,driving,1.1991940920601307,-11.013536150619952
0.4800000000000003,0,-3.0021529711184347,3.0053253742824144,-0.099993056138589,0.11521669376814152,0.39812012756691967,-0.8635435868281002,0.09432328656983702,driving,1.1992343649652406,-10.59586445911397
0.4850000000000003,0,-2.4378631065290883,3.006210577133607,-0.09808605591456798,0.10985633540839687,0.3844197544703819,-0.8677560812112866,0.09481371684940985,driving,1.19927262489586,-10.129335864522252
0.4900000000000003,0,-1.8664942607256578,3.0069470047847324,-0.09624872397883855,0.10454454369678143,0.37032315970487956,-0.8706941099833194,0.09529496046930405,driving,1.199308972364456,-9.692667337268936
0.49500000000000033,0,-1.3054843732852155,3.0073679583340707,-0.09447786422246955,0.0992733799105554,0.3568851029240671,-0.8743311005929596,0.0957673497904164,driving,1.1993435018605647,-9.231444946892044
0.5000000000000003,0,0.315368109421688,3.0073869234244888,-0.09281139720355586,0.0926728989249785,0.33583028895989436,-1.1528021060805556,0.09623140677643419,driving,1.199376304513513,-8.765543770580448
0.5050000000000003,0,2.0311767201892024,3.0078188609287366,-0.0912766777711587,0.08498117615116883,0.3092480602567151,-1.3882912083802867,0.09668779016528999,driving,1.1994074682614484,-8.263576886088252
0.5100000000000003,0,3.8089899926721795,3.0082915456833237,-0.08989248039096327,0.07639235346358791,0.27887866027505115,-1.58747314385471,0.0971372525672448,driving,1.1994370746525334,-7.769541602599519
0.5150000000000003,0,5.617047043118747,3.0083889397308834,-0.08866853725186732,0.06705642058933618,0.2465573730940135,-1.7572433043877653,0.09758059525350414,driving,1.1994652002934192,-7.247240542374927
0.5200000000000004,0,7.447495590341003,3.0079970021374995,-0.08761849048677287,0.05715187641009262,0.21148159032471503,-1.8929636944791994,0.09801868770593801,driving,1.1994919189945048,-6.740826483575628
0.5250000000000004,0,9.297137330661421,3.0077531399832638,-0.08675009788730718,0.0467900988800184,0.17485674614434132,-2.0056610055806434,0.09845243819537454,driving,1.1995173018665746,-6.2417252351482615
0.5300000000000004,0,11.174534575647098,3.0077229469286944,-0.0860862725565233,0.036177282397705485,0.1336064167503314,-2.0791560952357586,0.09888286955815716,driving,1.1995414182608815,-5.711450360345934
0.5350000000000004,0,13.012777076076201,3.00825976610396,-0.0856245250172749,0.025408831414695295,0.09285861894426393,-2.1326139470361856,0.09931099218324353,driving,1.199564329133772,-5.189093369113657
0.5400000000000004,0,14.80443211586504,3.0085144014132923,-0.08536194814315974,0.014572468998523675,0.05271056050604935,-2.1665828371048748,0.09973780192395933,driving,1.19958609336879,-4.646888975770193
0.5450000000000004,0,16.55161596199939,3.007950154195571,-0.08530069709518397,0.0037808096684900806,0.012139336818003069,-2.1767363097087866,0.10016430540943524,driving,1.1996067683804756,-4.095424595556018
0.5500000000000004,0,18.240758396838068,3.006793564485166,-0.08544436256570707,-0.006826831110371806,-0.029168040424941543,-2.1594964028778616,0.10059152722226378,driving,1.1996264087241932,-3.548857878510695
0.5550000000000004,0,19.88357317224864,3.0060766344965724,-0.0857966793223481,-0.017153915783442157,-0.07121917164823532,-2.1213738550915746,0.10102051061887551,driving,1.1996450678816866,-3.0021529711184347
0.5600000000000004,0,21.453486170128752,3.0055193276605916,-0.08635605355885116,-0.02711050338377064,-0.11294606699092748,-2.063803167891591,0.10145229088666977,driving,1.1996627946631895,-2.4378631065290883
0.5650000000000004,0,22.936455987278677,3.0049815518977323,-0.08711912174886019,-0.036608698550776475,-0.1539926004462592,-1.9870642223594381,0.10188788649541407,driving,1.1996796354090105,-1.8664942607256578
0.5700000000000004,0,24.303281090993373,3.004375563340068,-0.08807764759522353,-0.04555728446534481,-0.19338803332627882,-1.8911691581941255,0.10232827473339018,driving,1.1996956330442354,-1.3054843732852155
0.5750000000000004,0,25.583170799310295,3.004176352053067,-0.0892295092744161,-0.05388773221390571,-0.23233537067717722,-1.7788508709221909,0.10277442227976226,driving,1.1997108312625393,0.315368109421688
0.5800000000000004,0,26.60255176304654,3.003936023455382,-0.09056175336215179,-0.0613440443365021,-0.26866508784401416,-1.6132054952342056,0.10322723104657301,driving,1.1997252697404244,2.0311767201892024
0.5850000000000004,0,27.375003028081963,3.0031867981662717,-0.0920546881094859,-0.06777751527602062,-0.3010091429716884,-1.4142616630373905,0.10368750448712044,driving,1.199738985300649,3.8089899926721795
0.5900000000000004,0,28.07563049196097,3.001877756464534,-0.09370050887847488,-0.07324289007975682,-0.33176879313239777,-1.2236290672368604,0.10415600703151282,driving,1.1997520151191188,5.617047043118747
0.5950000000000004,0,28.68050694061938,3.000373315466041,-0.09548499416023444,-0.07779100752713147,-0.35966842664059223,-1.0419286525542584,0.10463343200231398,driving,1.1997643923672094,7.447495590341003
0.6000000000000004,0,29.233512643270075,2.999374943484331,-0.09740258934660896,-0.08148340686967391,-0.3864223013261049,-0.8696718025965251,0.10512044494904703,driving,1.199776151277059,9.297137330661421
0.6050000000000004,0,29.713053784549757,2.9982115403847325,-0.09944200724857415,-0.08437959440372865,-0.4108834247913454,-0.706930012380883,0.1056176549852899,driving,1.1997873216370194,11.174534575647098
0.6100000000000004,0,30.141340085206355,2.9968982554258115,-0.10159907841279339,-0.08651165044639098,-0.43450160461337783,-0.5494423734788727,0.10612565037735386,driving,1.1997979346099397,13.012777076076201
0.6150000000000004,0,30.473619382177496,2.995529846557323,-0.103856274552111,-0.0879329836169299,-0.4545862953241213,-0.40159365260085006,0.10664493175011441,driving,1.1998080149343715,14.80443211586504
0.6200000000000004,0,30.774558446078945,2.9943767423051075,-0.10621224779989728,-0.08868510717010804,-0.4743722759779419,-0.2597390071429383,0.1071759929891139,driving,1.1998175917423566,16.55161596199939
0.6250000000000004,0,31.023846203609533,2.9932403903008287,-0.10865968234168355,-0.08881108447295678,-0.49267103576992916,-0.12506788807687613,0.10771929140082231,driving,1.1998266901207422,18.240758396838068
0.6300000000000004,0,31.221219527933574,2.992080817344442,-0.11119094954217047,-0.08835067583430374,-0.509421776914287,0.0028869613842395225,0.10827524614853316,driving,1.1998353337729726,19.88357317224864
0.6350000000000005,0,31.360801319064368,2.9906601153159778,-0.11379755483062838,-0.0873373052017332,-0.5244478509076613,0.12547530024434844,0.1088442339226863,driving,1.1998435443908828,21.453486170128752
0.6400000000000005,0,31.456540065724962,2.988946696652575,-0.1164738345924876,-0.08580099808427578,-0.5383296403955762,0.24296655018957064,0.10942660309564874,driving,1.1998513445617671,22.936455987278677
0.6450000000000005,0,31.481605155209397,2.987292445062319,-0.11920783814480519,-0.08376627226599691,-0.5498169994688171,0.35529466312620905,0.11002264228637276,driving,1.1998587536914878,24.303281090993373
0.6500000000000005,0,31.463560181698938,2.986311518310664,-0.12199328396034913,-0.08126472326878206,-0.5600280700385776,0.4621556576853296,0.11063260870617452,driving,1.1998657917549511,25.583170799310295
0.6550000000000005,0,31.45902920940197,2.9861693584697293,-0.12483466925671619,-0.07834838254543391,-0.5710906449737388,0.5618690001704102,0.11125678205245809,driving,1.1998724800438714,26.60255176304654
0.6600000000000005,0,31.36428707662096,2.9855877684929752,-0.12771525869039496,-0.07502826871661933,-0.5788088990413793,0.6578712507215437,0.11189535834591006,driving,1.199878832720012,27.375003028081963
0.6650000000000005,0,31.256142076345267,2.9853741751747225,-0.13063416096908137,-0.07133893062840511,-0.5863212407603168,0.7485934894395223,0.11254852915075547,driving,1.199884868157126,28.07563049196097
0.6700000000000005,0,31.11510084322847,2.98523395450609,-0.1335861207473749,-0.06730697056339291,-0.5927638881914293,0.8347087557316564,0.11321645975449235,driving,1.1998906020379931,28.68050694061938
0.6750000000000005,0,30.931507561573593,2.984826621697256,-0.13656476590728497,-0.062949020939176,-0.5979121015546798,0.9181271669453506,0.11389928358402877,driving,1.1998960484116763,29.233512643270075
0.6800000000000005,0,30.68875595218438,2.984053469166495,-0.13956024351751178,-0.05827115062997429,-0.6010989710873457,0.9992986783750366,0.11459708480161633,driving,1.199901221391352,29.713053784549757
0.6850000000000005,0,30.43346137332132,2.983593356364813,-0.14257235250296196,-0.05329763230018973,-0.6042188981112702,1.077314327269788,0.11530994656413114,driving,1.1999061356104346,30.141340085206355
0.6900000000000005,0,30.15219010404688,2.9830950482427108,-0.14559679368792275,-0.04805150438186638,-0.6064728176626738,1.151145234070572,0.11603793053257075,driving,1.1999108047964218,30.473619382177496
0.6950000000000005,0,29.84971679988773,2.9830242549548474,-0.14862860406581632,-0.042564137317140566,-0.6077353655247039,1.218804988426149,0.11678107355289984,driving,1.1999152419437469,30.774558446078945
0.7000000000000005,0,29.47754546080655,2.9832864743259746,-0.15165495087592118,-0.036839854665456154,-0.606428880461351,1.2847235992595456,0.11753934830727944,driving,1.19991945537036,31.023846203609533
0.7050000000000005,0,29.11139145044908,2.983975786067168,-0.15467841836025925,-0.03090405577652478,-0.6056240207414999,1.3470491964999676,0.11831274039908074,driving,1.1999234587178096,31.221219527933574
0.7100000000000005,0,28.72258249672026,2.9848187308728487,-0.15769467375984453,-0.02477751768660698,-0.6039467097215396,1.4055607841471018,0.11910121376787997,driving,1.1999272623630097,31.360801319064368
0.7150000000000005,0,28.298438307851548,2.985505098319312,-0.16069798600520324,-0.018469155048772314,-0.6011124857341328,1.462573378774735,0.11990470369790598,driving,1.199930875207906,31.456540065724962
0.7200000000000005,0,27.824792445428507,2.985914226405084,-0.1636794155411551,-0.011980025568378445,-0.5965102297042107,1.5179987330201017,0.12072310077561176,driving,1.1999343064767556,31.481605155209397
0.7250000000000005,0,27.354226432012553,2.9869523099625743,-0.1666397929456856,-0.0053373418256294075,-0.592065781806428,1.569164586926922,0.12155629974034018,driving,1.1999375670448462,31.463560181698938
0.7300000000000005,0,26.853724886748314,2.9880444856315873,-0.16957405174880905,0.0014478090331967739,-0.5865974421317577,1.6186151827604118,0.12240416999908423,driving,1.1999406642719466,31.45902920940197
0.7350000000000005,0,26.33497887380266,2.988948602481717,-0.17247877335164172,0.00836174760864268,-0.5804517649711308,1.665197835282874,0.12326656386584244,driving,1.1999436071104084,31.36428707662096
0.7400000000000005,0,25.755393546268813,2.9896940988439447,-0.17534295139138828,0.015409386465976114,-0.572116787499291,1.7115786918985894,0.12414327862279938,driving,1.199946401142961,31.256142076345267
0.7450000000000006,0,25.185260421640198,2.990854035382558,-0.17816889511177353,0.02256829880732679,-0.5642434256372099,1.7544314098198672,0.12503412309835824,driving,1.1999490564583826,31.11510084322847
0.7500000000000006,0,24.585235917761736,2.9920812875188765,-0.18095108697514742,0.029827970543983697,-0.5552609814080329,1.7954504538990872,0.12593887853323396,driving,1.199951578914184,30.931507561573593
0.7550000000000006,0,23.946314463872014,2.9931439195436935,-0.18368169624088984,0.037183986894338626,-0.5447371887390566,1.8342516861871423,0.1268572870144384,driving,1.1999539746991101,30.68875595218438
0.7600000000000006,0,23.32450790285986,2.9947248093399725,-0.18636451002185603,0.044608856932164515,-0.5349455272610052,1.8698221234672476,0.1277891095645477,driving,1.1999562520912024,30.43346137332132
0.7650000000000006,0,22.642617005776813,2.9957627275646086,-0.1889869770114014,0.05210607771536714,-0.5226753568046616,1.9036755775650709,0.1287340444496047,driving,1.1999584147441291,30.15219010404688
0.7700000000000006,0,21.955772867080526,2.9971920135232946,-0.1915488658901103,0.05966145377596091,-0.5103521356886274,1.935772529278549,0.12969178877905527,driving,1.19996046913342,29.84971679988773
0.7750000000000006,0,21.217201368790263,2.998372767757465,-0.19404097578209234,0.06728307324667171,-0.49620461375911606,1.9681919350642563,0.13066199365796574,driving,1.199962419466062,29.47754546080655
0.7800000000000006,0,20.494835896935772,2.9999113240868516,-0.1964661141104707,0.07494636236640641,-0.4826248121047225,1.9964810180389354,0.1316443242285181,driving,1.199964273566823,29.11139145044908
0.7850000000000006,0,19.744604873071616,3.0015085729979036,-0.1988183166781101,0.08263943491680761,-0.4678510513448507,2.0225250314353485,0.13263841581190866,driving,1.199966035043662,28.72258249672026
0.7900000000000006,0,18.969640668864756,3.002759756956469,-0.20109305884395098,0.09035761998416322,-0.45217222415910274,2.047466597450315,0.1336438811061284,driving,1.1999677083012863,28.298438307851548
0.7950000000000006,0,18.172100441044858,3.0036158075747044,-0.20328629889014618,0.09809658703233393,-0.4356833031091557,2.071276733532508,0.13466031260057915,driving,1.1999692977450986,27.824792445428507
0.8000000000000006,0,17.370846478783243,3.0043840191367757,-0.2053965900250632,0.10584259816659786,-0.4189149940004894,2.091764683199396,0.13568729555070447,driving,1.1999708085140304,27.354226432012553
0.8050000000000006,0,16.501837619908464,3.00505993579639,-0.2074115800324294,0.11360703470171071,-0.39967563645626203,2.1136303066842315,0.13672435345086661,driving,1.199972241333927,26.853724886748314
0.8100000000000006,0,15.660865721632671,3.0059838701545907,-0.20933722552833126,0.12137256102459566,-0.3816340489192577,2.1324893765349437,0.13777103957850828,driving,1.1999736038053612,26.33497887380266
0.8150000000000006,0,14.772542668648118,3.0070452026033063,-0.21116347548462874,0.12913623145629982,-0.361597154432573,2.1496458867450903,0.13882685695593142,driving,1.1999748971534672,25.755393546268813
0.8200000000000006,0,13.885553890433508,3.0084136598652074,-0.21289066599845388,0.13688219424593662,-0.34162472485086004,2.1645290189212174,0.1398913102859237,driving,1.199976126330816,25.185260421640198
0.8250000000000006,0,12.959488831513626,3.0093302673403057,-0.2145114073357951,0.1446073197554833,-0.32015612047999553,2.1790401814838165,0.14096386732260266,driving,1.1999772933749084,24.585235917761736
0.8300000000000006,0,12.044346825178849,3.0097253487370432,-0.216028011603476,0.15230546750360052,-0.29916016510937904,2.191170651091027,0.14204400738062004,driving,1.1999784033925731,23.946314463872014
0.8350000000000006,0,11.103276469135642,3.0101463868183664,-0.2174338992737916,0.1599622350453547,-0.27684345881896594,2.200044697245841,0.14313117687698898,driving,1.1999794580727632,23.32450790285986
0.8400000000000006,0,10.122726118764309,3.010279400331008,-0.218721833118586,0.16757742328896022,-0.25305436907399526,2.209044967863944,0.1442247860425819,driving,1.1999804589643732,22.642617005776813
0.8450000000000006,0,9.139014416465837,3.010109723182201,-0.2198921818521424,0.17515876944418826,-0.22936310923403538,2.2173879418731133,0.14532424695184262,driving,1.1999814096771368,21.955772867080526
0.8500000000000006,0,8.131485830014556,3.0104453652102965,-0.2209398191367897,0.18268967771199665,-0.20462330137545742,2.22371183689725,0.14642894604752657,driving,1.1999823123773035,21.217201368790263
0.8550000000000006,0,7.093171603613297,3.010345694286561,-0.22185834739439492,0.1901675803392119,-0.1785985828633751,2.2284640117489993,0.14753823778449854,driving,1.1999831683764763,20.494835896935772
0.8600000000000007,0,6.120896992876925,3.0105782214566523,-0.222661610075841,0.19757525718485117,-0.15534668048013106,2.230182006239717,0.14865154583487775,driving,1.19998398555317,19.744604873071616
0.8650000000000007,0,5.052038537749245,3.0106836698692816,-0.22332789938184316,0.20491024622212864,-0.12775255532753918,2.2298326759787432,0.14976818533178696,driving,1.1999847596190594,18.969640668864756
0.8700000000000007,0,3.9981281475295916,3.010819083751104,-0.22386146596826936,0.21216821147552825,-0.10100501825484359,2.228983091877366,0.1508874926616283,driving,1.199985495279451,18.172100441044858
0.8750000000000007,0,2.912280942675344,3.010617612372916,-0.22425640086404475,0.21934816191770215,-0.07305158808860601,2.2279479722873017,0.1520087746659485,driving,1.1999861934379323,17.370846478783243
0.8800000000000007,0,1.826124515887999,3.009914691759417,-0.22451309210281709,0.22644749540575188,-0.04516149167785539,2.225577963312576,0.1531313401264626,driving,1.199986857041428,16.501837619908464
0.8850000000000007,0,0.6919017383060009,3.0088963929683112,-0.22462308100201708,0.23347768035412036,-0.015567126390128574,2.2242594805036346,0.15425445553147268,driving,1.1999874856595998,15.660865721632671
0.8900000000000007,0,-0.3976370696700897,3.0082498269555695,-0.2245951632766554,0.24042205017155774,0.012259078457283103,2.2191889022889013,0.15537743134785595,driving,1.1999880848163014,14.772542668648118
0.8950000000000007,0,-1.5338619081339386,3.0079062449125145,-0.22441836751967215,0.24726566490730678,0.04230198979986304,2.2114524473785844,0.15649952318545432,driving,1.1999886535887418,13.885553890433508
0.9000000000000007,0,-2.685270029621152,3.007279010483505,-0.22409050117649879,0.2540161988385977,0.07276879650002449,2.2036500369994014,0.15761997569133682,driving,1.1999891931241529,12.959488831513626
0.9050000000000007,0,-3.826381042558884,3.0070473671927176,-0.22361304092396866,0.2606581053254678,0.10293597744652466,2.192937932113381,0.15873804089595667,driving,1.199989706505708,12.044346825178849
0.9100000000000007,0,-4.989054085861515,3.0067254643600325,-0.22298052094455528,0.26717343605009297,0.13423938013172265,2.179667379532547,0.15985294350067944,driving,1.1999901948910139,11.103276469135642
0.9150000000000007,0,-6.176040222432401,3.005503136333873,-0.22218898035356563,0.27357878282975967,0.16632662190641526,2.16690915159286,0.16096388840244727,driving,1.1999906576756443,10.122726118764309
0.9200000000000007,0,-7.375690946897986,3.0044788925098818,-0.22123636074297817,0.2798678105135874,0.19885242052473226,2.153388774289664,0.16207007020616215,driving,1.1999910968738625,9.139014416465837
0.9250000000000007,0,-8.57709318759848,3.0033335615610777,-0.22012330261691315,0.2860472113851642,0.23123614609762455,2.139589797853745,0.16317068671924673,driving,1.1999915135792545,8.131485830014556
0.9300000000000007,0,-9.767960628819061,3.0028101632152095,-0.21885112677265636,0.292101230913471,0.2633488278246702,2.122659565052889,0.16426494235311,driving,1.1999919104732444,7.093171603613297
0.9350000000000007,0,-10.966988579181987,3.002527707970442,-0.21741674595020177,0.29801660249869616,0.2960693722598392,2.1025548928607245,0.165352026082861,driving,1.1999922881763971,6.120896992876925
0.9400000000000007,0,-12.214473312055347,3.002156500543682,-0.21581016126089517,0.30379620385536493,0.3307794404781631,2.082246876350527,0.16643107688916547,driving,1.1999926451713476,5.052038537749245
0.9450000000000007,0,-13.433853408263996,3.001911228390334,-0.21403748118021676,0.30943260039589937,0.36425390047113876,2.060391373349808,0.16750126429506657,driving,1.1999929852435418,3.9981281475295916
0.9500000000000007,0,-14.677760540239891,3.001590542408011,-0.21209213604457092,0.31490861935474607,0.39908091120427325,2.035572443491262,0.16856172497528943,driving,1.1999933091763253,2.912280942675344
0.9550000000000007,0,-15.92702940151073,3.000453894488095,-0.20997397178940494,0.32023848279546396,0.43392364930591765,2.0110313764186625,0.16961159483423646,driving,1.1999936159181805,1.826124515887999
0.9600000000000007,0,-17.19061065438794,2.999657330089426,-0.20767991655426368,0.32541427491185865,0.4694000251126396,1.9852194373636578,0.1706499944170078,driving,1.199993906998501,0.6919017383060009
0.9650000000000007,0,-18.008844442834146,2.9989450751165543,-0.20522070270689144,0.3298210081123194,0.5026998481368973,1.8350746761180128,0.17167609793054225,driving,1.1999941831860461,-0.3976370696700897
0.9700000000000008,0,-18.735515677018075,2.9987615254476157,-0.2026102537178949,0.3334936147854662,0.5331686578937882,1.689759170000389,0.17268914919913173,driving,1.1999944468585113,-1.5338619081339386
0.9750000000000008,0,-19.3907556298768,2.998688635048521,-0.19985748130888095,0.3364610524800315,0.561812962663648,1.5479516512867144,0.17368843660567612,driving,1.1999946982111256,-2.685270029621152
0.9800000000000008,0,-19.991386036709727,2.9985580502793465,-0.1969682283650074,0.3387562026186487,0.5892256412902663,1.4101766963477074,0.17467327774750116,driving,1.1999949362900468,-3.826381042558884
0.9850000000000008,0,-20.53907803180194,2.998636129953265,-0.19394884848237387,0.34040446200666713,0.6153464481992404,1.2770244300803333,0.17564302198991302,driving,1.1999951623379204,-4.989054085861515
0.9900000000000008,0,-21.003693388471607,2.99825699735714,-0.19081080307113538,0.34141980073698497,0.6391777601361325,1.1456689382894778,0.1765970760052687,driving,1.199995378977934,-6.176040222432401
0.9950000000000008,0,-21.424502357916474,2.9972634287015905,-0.18755989730456904,0.34185035467710007,0.6618087665374173,1.0202197728148859,0.17753487549179153,driving,1.1999955837911163,-7.375690946897986
1.0000000000000007,0,-21.806398292996164,2.996473945935489,-0.18420027375808973,0.34172067457479455,0.6835939583944558,0.899088062103252,0.17845587686058198,driving,1.1999957767608813,-8.57709318759848
1.0050000000000006,0,-22.074971646319433,2.9960817674119657,-0.18075399114800156,0.3410719334582345,0.7009085963872299,0.7839623302910668,0.179359646816322,driving,1.1999959623086196,-9.767960628819061
1.0100000000000005,0,-22.310564229226205,2.996039467339802,-0.17722189840287053,0.33991258448438655,0.7180254773651316,0.6695032418874641,0.18024575630833634,driving,1.1999961392983123,-10.966988579181987
1.0150000000000003,0,-22.503124427114148,2.995978170423606,-0.1736090604170539,0.3382632716390893,0.7341086378109649,0.5583024784427706,0.1811138016104216,driving,1.1999963077471094,-12.214473312055347
1.0200000000000002,0,-22.650399560165905,2.9957779832121756,-0.16992176987704935,0.3361485284590691,0.7489174905836484,0.4509722543706332,0.18196341045980685,driving,1.1999964679157684,-13.433853408263996
1.0250000000000001,0,-22.759107838385066,2.9954797064376866,-0.16616634263292945,0.3336046514689266,0.7624271040668638,0.34925672654943085,0.1827942421729715,driving,1.199996618961731,-14.677760540239891
1.03,0,-22.815283792011265,2.9955212188062106,-0.16235115581864082,0.3306508412448276,0.774242165961264,0.25108155226385365,0.1836059979520647,driving,1.1999967630178474,-15.92702940151073
1.035,0,-22.83399739766877,2.9955254800563256,-0.15848141874355165,0.327307999978485,0.7850064289857774,0.15631319261486443,0.18439840504578245,driving,1.1999969002867192,-17.19061065438794
1.0399999999999998,0,-22.79467144255824,2.9955238497598757,-0.15456813255319937,0.3236089448716744,0.793539588659498,0.0663637603711058,0.18517124570854845,driving,1.199997031899815,-18.008844442834146
1.0449999999999997,0,-22.741930650326974,2.9957486845551546,-0.15061177773726547,0.3195750744018262,0.801947599668609,-0.02010385076364435,0.18592430459723477,driving,1.1999971557149363,-18.735515677018075
1.0499999999999996,0,-22.652719720207216,2.9963365703527742,-0.14661806652012585,0.3152209240438668,0.8092013596091158,-0.1033537886549381,0.1866573949298354,driving,1.1999972736789,-19.3907556298768
1.0549999999999995,0,-22.535924458969095,2.9967826336703838,-0.1425909957962049,0.3105643928074067,0.8156550712674366,-0.18338123907045328,0.18737034990881643,driving,1.199997385992331,-19.991386036709727
1.0599999999999994,0,-22.370087402161776,2.997121788827396,-0.13854258460098318,0.30565411123368125,0.8196594620759481,-0.25582528256247583,0.18806306283182134,driving,1.1999974926428718,-20.53907803180194
1.0649999999999993,0,-22.184700740508873,2.9979462418007534,-0.13447261333393784,0.3004784609853362,0.8237238346168247,-0.32957970663251335,0.18873542589849102,driving,1.1999975955295166,-21.003693388471607
1.0699999999999992,0,-21.96886774839128,2.998391993313353,-0.13038954645929898,0.29508581960399505,0.826064235608699,-0.3956138918422357,0.1893873736307875,driving,1.1999976927254883,-21.424502357916474
1.074999999999999,0,-21.74170961715121,2.9992280589740985,-0.1262929123511818,0.2894735589021191,0.8285032636212646,-0.4613683024827058,0.19001883819254342,driving,1.1999977850323496,-21.806398292996164
1.079999999999999,0,-21.499250607031293,2.99991265591664,-0.12218509038110373,0.2836552471465823,0.8304799714245286,-0.5241329135694024,0.19062976364444895,driving,1.199997872616451,-22.074971646319433
1.0849999999999989,0,-21.241758867646656,3.000266043425341,-0.11806983735385779,0.2776569788241645,0.8317064404492389,-0.5821572837575112,0.19122011283121823,driving,1.199997954550152,-22.310564229226205
1.0899999999999987,0,-20.936844620183436,3.000973751371119,-0.11395858897747461,0.27150843302658983,0.8306311550097407,-0.6351658808351802,0.1917899057761056,driving,1.199998033843662,-22.503124427114148
1.0949999999999986,0,-20.610356548477263,3.001942684539975,-0.109855562688774,0.2652253799392482,0.8287020307047508,-0.6856830264620396,0.1923391835895495,driving,1.1999981103026907,-22.650399560165905
1.0999999999999985,0,-20.26760460438148,3.003174481778689,-0.10576448786690505,0.258825902197034,0.8260063688505144,-0.7329017284213036,0.19286800602888401,driving,1.1999981827119168,-22.759107838385066
1.1049999999999984,0,-19.931830461079816,3.004639858032123,-0.1016804406086793,0.2522923823594839,0.8243179934021396,-0.7821485058009059,0.19337640823192742,driving,1.1999982522232246,-22.815283792011265
1.1099999999999983,0,-19.589355899066234,3.005334679618449,-0.09760530393071461,0.2456401279271454,0.8222795163844059,-0.8279646523149167,0.193864434751581,driving,1.199998317611555,-22.83399739766877
1.1149999999999982,0,-19.238091580001974,3.0054137402452628,-0.09354285857745755,0.23889652753325397,0.8194979854832725,-0.8686394753861229,0.19433214904446827,driving,1.1999983780617622,-22.79467144255824
1.119999999999998,0,-18.85023700425786,3.0058156503220044,-0.08950295700345093,0.23208810661913845,0.8147437569475935,-0.9047613262524878,0.19477966382948553,driving,1.1999984366628265,-22.741930650326974
1.124999999999998,0,-18.446927223993292,3.006519857742083,-0.08548927289472899,0.2252272163211675,0.8092554246329146,-0.9387976795124182,0.19520711019395917,driving,1.1999984932838543,-22.652719720207216
1.129999999999998,0,-18.035562956891724,3.007445808180018,-0.081504251471217,0.2183274258867517,0.8032663190914524,-0.9702637023242444,0.19561463145131525,driving,1.1999985465024077,-22.535924458969095
1.1349999999999978,0,-17.631550979750838,3.0087506654030234,-0.07754396727632949,0.21137208243984687,0.7980758542923867,-1.0035363902718428,0.19600235128769689,driving,1.1999985969689597,-22.370087402161776
1.1399999999999977,0,-17.20625188572472,3.0098016873983715,-0.07361529320890711,0.20438611242199556,0.7915077841740068,-1.0321386106233692,0.19637042775374142,driving,1.1999986456519425,-22.184700740508873
1.1449999999999976,0,-16.788258236144863,3.010454131247702,-0.0697154301722685,0.19736339978825468,0.7855195031252921,-1.0612153809016482,0.19671900490460276,driving,1.199998691530904,-21.96886774839128
1.1499999999999975,0,-16.34932803563511,3.0107470591287986,-0.06585161049481654,0.19033103497974352,0.7780876396794009,-1.0853974947935692,0.19704826295707684,driving,1.1999987356546973,-21.74170961715121
1.1549999999999974,0,-15.900888614212928,3.0110222805702995,-0.06202686789229158,0.1833004942920293,0.7700532135662148,-1.1074542385453536,0.19735839729653828,driving,1.199998778021062,-21.499250607031293
1.1599999999999973,0,-15.465575085144831,3.0111315114162167,-0.05823811719879904,0.17626956170473546,0.7626485243824049,-1.129074718857169,0.19764958788253228,driving,1.1999988164699267,-21.241758867646656
1.1649999999999971,0,-15.010814547726708,3.0114969269641985,-0.05449160259068797,0.169255136034958,0.7539931975687998,-1.1472780090032153,0.19792204589548573,driving,1.1999988537924124,-20.936844620183436
1.169999999999997,0,-14.565530620472455,3.0116335505294,-0.050784654652157,0.16225098865105722,0.7458895144482683,-1.1658712636332162,0.19817596916874652,driving,1.199998888997359,-20.610356548477263
1.174999999999997,0,-14.104324260679864,3.011441813344074,-0.04712292605717128,0.15527664597782034,0.7366496725074795,-1.1809563986584872,0.19841158379903237,driving,1.1999989219324148,-20.26760460438148
1.1799999999999968,0,-13.63168603909659,3.011678064169426,-0.04350884314523313,0.14833095805318416,0.7269293478214773,-1.195961698827445,0.19862912801475854,driving,1.1999989553540231,-19.931830461079816
1.1849999999999967,0,-13.157050398114057,3.011510463828391,-0.03994404580496243,0.14142415460009858,0.7168784007227366,-1.208964502484176,0.19882884824378336,driving,1.1999989861693094,-19.589355899066234
1.1899999999999966,0,-12.692490128238127,3.0114085691850443,-0.03642599975767734,0.1345490057592606,0.7073466247152063,-1.2222194041497718,0.19901097824257175,driving,1.1999990149958317,-19.238091580001974
1.1949999999999965,0,-12.215061436625195,3.0109993786473668,-0.03295927039627806,0.12771873174814996,0.6969018774668334,-1.232815978727769,0.19917577459455313,driving,1.1999990428527354,-18.85023700425786
1.1999999999999964,0,-11.731858711612665,3.0104700683634986,-0.02954613021983696,0.12094029275052827,0.6860026747861764,-1.2419556960430806,0.19932350524565232,driving,1.199999069711248,-18.446927223993292
1.2049999999999963,0,-11.26038163548701,3.0096138605947815,-0.02618444407359291,0.11421227567105759,0.6755390158258805,-1.2504488886001914,0.19945442746602027,driving,1.1999990933962619,-18.035562956891724
1.2099999999999962,0,-10.777027586380248,3.0089163552166696,-0.02287822908158749,0.10754400080293586,0.6642680062048021,-1.257008164384187,0.1995688186114282,driving,1.19999911664592,-17.631550979750838
1.214999999999996,0,-10.303233296278183,3.0079284095706185,-0.01962551269866445,0.10093210926512601,0.6534013806019208,-1.263518428214112,0.1996669461749215,driving,1.1999991384711606,-17.20625188572472
1.219999999999996,0,-9.801362922735159,3.0068943645437938,-0.016434322348907127,0.09439193453220075,0.640916437015873,-1.2675848276689274,0.19974911778666604,driving,1.1999991606987224,-16.788258236144863
1.2249999999999959,0,-9.317848263170534,3.005854400922362,-0.013299320764136638,0.0879078190594712,0.6295107959864479,-1.2736802604950053,0.19981561439048673,driving,1.1999991812030895,-16.34932803563511
1.2299999999999958,0,-8.824607339170905,3.004587993867358,-0.010224368372789134,0.08149093080967018,0.6173306410209061,-1.2773703143178237,0.19986673623235068,driving,1.1999992008392872,-15.900888614212928
1.2349999999999957,0,-8.324129564823481,3.0033107742153757,-0.007211794769994335,0.0751442143713368,0.6046796050422553,-1.2801526098516267,0.19990279520620066,driving,1.199999218518886,-15.465575085144831
1.2399999999999956,0,-7.822994738862654,3.0025803495207506,-0.004262032444648619,0.06886753682080748,0.5919367820590767,-1.2826511529879567,0.1999241053684239,driving,1.1999992358366371,-15.010814547726708
1.2449999999999954,0,-7.331351344614147,3.001566872482658,-0.0013731891351694426,0.06265701559446901,0.5795768600622867,-1.284941223574903,0.19993097131409973,driving,1.199999250578926,-14.565530620472455
1.2499999999999953,0,-6.8334307730317665,3.0006358512372695,0.0014525415048176767,0.056518353974280615,0.5667722338307607,-1.2861886904774371,0.19992370860657566,driving,1.1999992665352404,-14.104324260679864
1.2549999999999952,0,-6.324243457642975,2.999136530947564,0.0042123917340251265,0.05045087405656812,0.5534120509951231,-1.2871695077690777,0.19990264664790552,driving,1.1999992807984694,-13.63168603909659
1.2599999999999951,0,-5.8258713771853365,2.9977164776897434,0.00690896034327246,0.044449623197215085,0.5405756551759071,-1.2884860035649044,0.19986810184618917,driving,1.19999929397533,-13.157050398114057
1.264999999999995,0,-5.303971898067431,2.9964166620229458,0.009536019763562307,0.038523323583919106,0.5264818876681115,-1.2883434257492667,0.19982042174737136,driving,1.1999993079334021,-12.692490128238127
1.269999999999995,0,-4.793454711088535,2.9951310038128285,0.0120972193100406,0.03265975499569597,0.5131245511046707,-1.2898134203019178,0.19975993565082115,driving,1.1999993205715087,-12.215061436625195
1.2749999999999948,0,-4.2733106656139235,2.99363529322765,0.014589727580582012,0.02686360454012886,0.4991973251588315,-1.2901095319640294,0.19968698701291823,driving,1.1999993327089546,-11.731858711612665
1.2799999999999947,0,-3.74264839112615,2.99217982486314,0.017011270227840606,0.02113302203695008,0.48481396763712725,-1.2903027334673038,0.19960193066177903,driving,1.1999993432699125,-11.26038163548701
1.2849999999999946,0,-3.210424843351895,2.9913504249347977,0.01936171177814048,0.015467064464143115,0.47039998905693065,-1.290534152750166,0.19950512210288832,driving,1.199999353851744,-10.777027586380248
1.2899999999999945,0,-2.6759607383330057,2.990337320300799,0.021641416775371607,0.009857278700133823,0.45606380729325496,-1.2916597898761368,0.19939691501901147,driving,1.199999362237895,-10.303233296278183
1.2949999999999944,0,-2.1300228303704403,2.9898244357914696,0.023847305625701757,0.004312343122956264,0.44110024790649677,-1.2915618406585807,0.19927767849088296,driving,1.1999993730669731,-9.801362922735159
1.2999999999999943,0,-1.5763089553364735,2.988837054069184,0.02597937448442229,-0.0011829494950048184,0.4261444752196683,-1.2934762605468717,0.19914778161846083,driving,1.1999993814296912,-9.317848263170534
1.3049999999999942,0,0.034772791148350635,2.988008923956547,0.027997375925886754,-0.00797782394051649,0.4030920829697798,-1.5660913894016928,0.1990077947388314,driving,1.1999993902368886,-8.824607339170905
1.309999999999994,0,1.7110823330389104,2.987370474675184,0.029879305263054858,-0.015826557545415454,0.37556506279534274,-1.7943607526323975,0.19885839821251614,driving,1.1999993993669278,-8.324129564823481
1.314999999999994,0,3.442895921006853,2.9869280731606014,0.031607590624135894,-0.02453849545109853,0.34448231432010895,-1.9866535634306004,0.19870036025939544,driving,1.1999994085304162,-7.822994738862654
1.3199999999999938,0,5.2083615832308405,2.9863912155620014,0.033170839152354865,-0.03396147837058754,0.31110532426080906,-2.1488744408589335,0.19853450606363368,driving,1.199999415485294,-7.331351344614147
1.3249999999999937,0,6.999480075327588,2.986256914870456,0.03455743379357964,-0.04394316035733942,0.27538334981751345,-2.2815532047616713,0.19836171889466578,driving,1.1999994229098152,-6.8334307730317665
1.3299999999999936,0,8.80543456011069,2.9864101697896426,0.03575786516264219,-0.0543485373872155,0.23774710830307574,-2.3875821692539,0.19818292956885256,driving,1.199999430733739,-6.324243457642975
1.3349999999999935,0,10.614537981898494,2.9868110348256836,0.03676385341674649,-0.06505051857623742,0.19845527836715215,-2.468015234385806,0.1979991103017688,driving,1.1999994375385703,-5.8258713771853365
1.3399999999999934,0,12.401282017705757,2.987616123533709,0.037572923822962234,-0.0759383207567391,0.1586749018348511,-2.5258912703544385,0.19781124568265399,driving,1.1999994439073476,-5.303971898067431
1.3449999999999933,0,14.171188098990937,2.9883618035707036,0.03817791219719494,-0.08688843648266804,0.11746164732185549,-2.5588572097626567,0.197620356121668,driving,1.199999450678318,-4.793454711088535
1.3499999999999932,0,15.911446299567668,2.989248654545574,0.038574570494462966,-0.09779336152021989,0.07540686683223953,-2.569770241879171,0.19742748326919568,driving,1.19999945771583,-4.2733106656139235
1.354999999999993,0,17.601545261216017,2.9900609231993616,0.03876323795787042,-0.10856102919902652,0.033435113317885165,-2.5611031666554855,0.19723366707940632,driving,1.199999463861288,-3.74264839112615
1.359999999999993,0,19.241455010064108,2.990835453682268,0.03874137091293393,-0.11908870651391146,-0.009029727167063448,-2.5309995896051225,0.19703996022484166,driving,1.1999994689111155,-3.210424843351895
1.3649999999999929,0,20.81367975835809,2.992080319491707,0.038511458188630936,-0.1292956632081135,-0.05097361945113491,-2.4834556871140827,0.1968474029338985,driving,1.1999994736631012,-2.6759607383330057
1.3699999999999928,0,22.32096604257658,2.9934207995207145,0.0380728018887615,-0.13909193210717263,-0.09304006223160602,-2.416779650259002,0.19665703892445469,driving,1.1999994789486264,-2.1300228303704403
1.3749999999999927,0,23.74566278759911,2.9949888834547025,0.03742868113542326,-0.14840016642720524,-0.13441704690514708,-2.3332595585759917,0.19646989551877758,driving,1.1999994834137946,-1.5763089553364735
1.3799999999999926,0,25.082952591067368,2.997001771471163,0.03658415568995726,-0.1571597470049227,-0.17474348889578484,-2.2357808685916325,0.1962869747403278,driving,1.199999487641115,0.034772791148350635
1.3849999999999925,0,26.19548112981934,2.998621339695055,0.03554886423530474,-0.16513676883155798,-0.21311075950054265,-2.0896418260656153,0.19610923041915126,driving,1.1999994914096792,1.7110823330389104
1.3899999999999924,0,27.07914564158828,2.9999772760591696,0.034335140199202446,-0.17214170310214652,-0.24897340012479935,-1.9031013411294864,0.19593755471815524,driving,1.1999994956028617,3.442895921006853
1.3949999999999922,0,27.913585157435644,3.001174587750183,0.032952386654061104,-0.17826859946538837,-0.2829205605763895,-1.7325272059444012,0.19577279278488494,driving,1.1999994992419403,5.2083615832308405
1.3999999999999921,0,28.67508644370488,3.002321869275564,0.03141041881450101,-0.18356345093374954,-0.3148713249376256,-1.5692377063879779,0.19561574069081242,driving,1.1999995020039829,6.999480075327588
1.404999999999992,0,29.387766863990414,3.0039455976999947,0.029715417288425066,-0.18807992078552524,-0.34555468924838145,-1.414743289939743,0.1954671636043703,driving,1.199999504685664,8.80543456011069
1.409999999999992,0,30.031021356396753,3.0055488619007336,0.02787658135644848,-0.19185369281624906,-0.37436366051096354,-1.265836301908786,0.19532778069758805,driving,1.1999995067901452,10.614537981898494
1.4149999999999918,0,30.62255579826728,3.0077596360368215,0.025899735488459356,-0.19492307988708404,-0.401965245741505,-1.122654067517429,0.19519828202014575,driving,1.1999995098966987,12.401282017705757
1.4199999999999917,0,31.182985385302683,3.0098114329830317,0.02378745251331845,-0.19733088868866347,-0.4290310858679842,-0.9861008680396106,0.19507934475757915,driving,1.199999513877894,14.171188098990937
1.4249999999999916,0,31.68187794006652,3.010718095498853,0.0215501143136497,-0.1991175197819868,-0.4540132287305224,-0.8567933252921659,0.1949715941860109,driving,1.199999515612869,15.911446299567668
1.4299999999999915,0,32.14102770791356,3.01145874943485,0.01919295434068908,-0.20032080467148206,-0.4779401110993101,-0.7334834469024027,0.19487562941430744,driving,1.1999995170584412,17.601545261216017
1.4349999999999914,0,32.53818560044973,3.0122146643203367,0.01672670531757446,-0.20097770737382833,-0.4997022885471779,-0.6163351492609694,0.19479199588771956,driving,1.1999995178701541,19.241455010064108
1.4399999999999913,0,32.905617423033334,3.013409408038375,0.014153852072635828,-0.2011139867999699,-0.5209538130188666,-0.5031399343347758,0.1947212266273564,driving,1.1999995192751207,20.81367975835809
1.4449999999999912,0,33.22778506312092,3.0145402173289093,0.011481352977709514,-0.20076096792645062,-0.540800808763736,-0.3947681907981505,0.19466381986246784,driving,1.1999995215265291,22.32096604257658
1.449999999999991,0,33.508675544795224,3.0157487689649622,0.008715700051156365,-0.19994929177753706,-0.5593347921271908,-0.2912669043911972,0.19462024136221207,driving,1.1999995243262922,23.74566278759911
1.454999999999991,0,33.76112331248725,3.016803059333885,0.005860241442112665,-0.1987017922150896,-0.5771958396117042,-0.19162950586305283,0.1945909401550015,driving,1.1999995265348962,25.082952591067368
1.4599999999999909,0,33.95912508016668,3.017589119332242,0.0029256307852363705,-0.19705039357492596,-0.5929125185774787,-0.09767373757874559,0.1945763120010753,driving,1.199999527693663,26.19548112981934
1.4649999999999908,0,34.14187879793986,3.018640308492625,-8.74754648929342e-05,-0.1950160290227321,-0.6084873971881907,-0.006982425747030729,0.19457674937839978,driving,1.1999995287513308,27.07914564158828
1.4699999999999906,0,34.297309098509444,3.0192349385660697,-0.003174883572251757,-0.1926219183163947,-0.6232258878421906,0.07976915649660166,0.19459262379626105,driving,1.1999995295376984,27.913585157435644
1.4749999999999905,0,34.396711803351195,3.019423128581088,-0.006325393604709025,-0.18989375497532246,-0.6357176851471851,0.16200515675372215,0.1946242507642846,driving,1.1999995297470007,28.67508644370488
1.4799999999999904,0,34.483569721216206,3.0198881278898346,-0.009538829192611844,-0.18684638559771086,-0.6481695478906839,0.2420810034472043,0.19467194491024767,driving,1.1999995302273359,29.387766863990414
1.4849999999999903,0,34.548021454962466,3.0202457722432405,-0.012811071113556772,-0.18350806179657048,-0.6597966927825545,0.31798979069255373,0.19473600026581545,driving,1.199999532691038,30.031021356396753
1.4899999999999902,0,34.567306855954236,3.019806981803482,-0.016134316283148542,-0.17988505202095462,-0.6698787888023402,0.3920204712041009,0.1948166718472312,driving,1.19999953318732,30.62255579826728
1.4949999999999901,0,34.56070394017182,3.0195842500606824,-0.01950322290312441,-0.1760050144433268,-0.6788865906849035,0.46166120416054096,0.1949141879617468,driving,1.199999534254903,31.182985385302683
1.49999999999999,0,34.52931456842633,3.0195679628197363,-0.022913195781499515,-0.17188740228708527,-0.6869701843297474,0.5280870342007938,0.1950287539406543,driving,1.1999995358078022,31.68187794006652
1.50499999999999,0,34.4682235908567,3.0193600859832985,-0.026359946021020073,-0.16753445679301476,-0.694198544860335,0.5934800358304965,0.1951605536707594,driving,1.1999995355979034,32.14102770791356
1.5099999999999898,0,34.39036294399787,3.0193776861310395,-0.029839789273849796,-0.1629723911201801,-0.7006764289406703,0.654713855681417,0.19530975261712866,driving,1.1999995361052274,32.53818560044973
1.5149999999999897,0,34.29763936145918,3.019137993956025,-0.033351520396263025,-0.1582055388499506,-0.7069144340359845,0.7151925764619951,0.19547651021910997,driving,1.1999995363875273,32.905617423033334
1.5199999999999896,0,34.159754650792756,3.0184396529773045,-0.036885198221201156,-0.15325172702431056,-0.7111603402211581,0.7720403880021138,0.195660936210216,driving,1.1999995359491331,33.22778506312092
1.5249999999999895,0,34.03515136987198,3.0179678510051935,-0.04044556914488518,-0.14812088039654053,-0.7163506575043066,0.8280891447072536,0.19586316405594043,driving,1.199999536809659,33.508675544795224
1.5299999999999894,0,33.8532492193836,3.0166796043971185,-0.044020001402743425,-0.14282519757470746,-0.7190211460523335,0.8810090693622981,0.19608326406295415,driving,1.199999536668158,33.76112331248725
1.5349999999999893,0,33.661834697339174,3.015797116962168,-0.04760685425282866,-0.13738128222120358,-0.7213528290799215,0.9314392459156896,0.1963212983342183,driving,1.1999995372280652,33.95912508016668
1.5399999999999892,0,33.46168150188096,3.014793444336977,-0.05120561106131401,-0.13179264066830704,-0.7235823844802968,0.9810369673477308,0.19657732638952485,driving,1.1999995373919634,34.14187879793986
1.544999999999989,0,33.23677663017378,3.013486403864575,-0.05481058118628409,-0.1260759161113078,-0.7246717005431255,1.0275936637520293,0.19685137929545626,driving,1.1999995378569555,34.297309098509444
1.549999999999989,0,32.99250674709054,3.0121533869013812,-0.058417783617419006,-0.12024255017271555,-0.7249611825221338,1.0720584262926192,0.19714346821354337,driving,1.1999995385778794,34.396711803351195
1.5549999999999888,0,32.72380700726862,3.0105720955929494,-0.062023085917410875,-0.11429128323245114,-0.7244279286847102,1.1158514652677014,0.19745358364313043,driving,1.1999995373852255,34.483569721216206
1.5599999999999887,0,32.44703698869121,3.0092369185440817,-0.06562464438641996,-0.10823879547364318,-0.723513766487336,1.1570718388897605,0.19778170686506252,driving,1.1999995368829997,34.548021454962466
1.5649999999999886,0,32.162049372360016,3.007732064161011,-0.06922164171961333,-0.10208860016069575,-0.7224332810536623,1.1975213166547638,0.1981278150736606,driving,1.1999995361487807,34.567306855954236
1.5699999999999885,0,31.83537620146972,3.0058772358065857,-0.07280545595713256,-0.0958446312729685,-0.71962765368555,1.2366080493593787,0.19849184235344625,driving,1.1999995347354127,34.56070394017182
1.5749999999999884,0,31.495554213147702,3.0047855029664445,-0.07637339818330116,-0.0895213093889056,-0.7162651802036484,1.2737349239161513,0.19887370934436274,driving,1.199999535122387,34.52931456842633
1.5799999999999883,0,31.170447761781794,3.0039672255692706,-0.07992977972681826,-0.08312370753542937,-0.7137514211484807,1.3103785664978354,0.19927335824299683,driving,1.1999995363176315,34.4682235908567
1.5849999999999882,0,30.79870903274583,3.0020220875382035,-0.08346550334862804,-0.07664384997581412,-0.7094295500858488,1.3468238044483103,0.19969068575973997,driving,1.1999995350872663,34.39036294399787
1.589999999999988,0,30.4182779314867,3.000041298283466,-0.08697907369660841,-0.07009288459585498,-0.7047985114200802,1.3816968193212642,0.200125581128223,driving,1.1999995342953353,34.29763936145918
1.594999999999988,0,29.998386093150202,2.998157105365399,-0.0904635978260569,-0.06346469180578222,-0.6987882921344558,1.417058543098388,0.2005778991173533,driving,1.1999995328208446,34.159754650792756
1.5999999999999879,0,29.568535488566987,2.9969488986082737,-0.09391937455324136,-0.05675671009314977,-0.6928225355231509,1.4536089254477067,0.2010474959901195,driving,1.1999995322005435,34.03515136987198
1.6049999999999878,0,29.114730498248846,2.995670392712421,-0.09734448570416997,-0.0499569553458651,-0.686463645094821,1.492477250795332,0.20153421841864036,driving,1.1999995312411305,33.8532492193836
1.6099999999999877,0,28.627610203387203,2.9940712543820496,-0.1007339445096918,-0.043062439084120295,-0.6791005953366652,1.531941308875247,0.2020378881411888,driving,1.1999995306659497,33.661834697339174
1.6149999999999876,0,28.11019639774331,2.992470310483837,-0.1040831943072755,-0.03607288655676037,-0.670818972037319,1.5714524751719279,0.20255830411272518,driving,1.1999995304326474,33.46168150188096
1.6199999999999875,0,27.56529151796569,2.9910250469863335,-0.10738814358137821,-0.028989653794188414,-0.6617117900488467,1.610655925331272,0.20309524483063207,driving,1.199999530362896,33.23677663017378
1.6249999999999873,0,26.972146565283317,2.989476581273608,-0.11064217436099118,-0.02179545676592877,-0.6512825291684322,1.6522785063774719,0.20364845570243703,driving,1.199999528285381,32.99250674709054
1.6299999999999872,0,26.35502956747185,2.988202732143619,-0.11384154567294517,-0.014498318865772748,-0.6401017905892614,1.6923256865115939,0.20421766343080175,driving,1.1999995257060656,32.72380700726862
1.6349999999999871,0,25.75062569618065,2.9877325141550473,-0.11698933490113507,-0.007122885873945745,-0.6295109820552687,1.729175058863067,0.20480261010530743,driving,1.1999995255260656,32.44703698869121
1.639999999999987,0,25.08683344161247,2.98690325819358,-0.1200740609689997,0.00033529139338093084,-0.6166364961256168,1.7652150682062837,0.20540298041015242,driving,1.1999995243580381,32.162049372360016
1.644999999999987,0,24.40851961569966,2.9863097630988062,-0.12309576176667222,0.00787924569636941,-0.6037571444978438,1.8024082725428503,0.2060184592189858,driving,1.1999995229025162,31.83537620146972
1.6499999999999868,0,23.709925471651175,2.985576087079649,-0.12605046405237902,0.015495248338680736,-0.590079934821648,1.8368223635267347,0.2066487115392477,driving,1.199999521961747,31.495554213147702
1.6549999999999867,0,22.989797150519586,2.984931063013846,-0.12893392820274063,0.02317129829035841,-0.5755536784871549,1.868681965377082,0.2072933811802614,driving,1.1999995214589652,31.170447761781794
1.6599999999999866,0,22.2378026835115,2.9842529913120557,-0.13174234948724178,0.030915185190789878,-0.560260044993166,1.9019385890255134,0.2079520929276976,driving,1.199999520333811,30.79870903274583
1.6649999999999865,0,21.4505254186137,2.9834589379751613,-0.1344687022441076,0.038720784453720014,-0.5435757917356944,1.932827108754152,0.20862443643891812,driving,1.1999995183080332,30.4182779314867
1.6699999999999864,0,20.651966157840796,2.9831951943321195,-0.1371129321707882,0.04658421458942259,-0.5268685266337446,1.9637187968479353,0.20931000109977208,driving,1.1999995163088608,29.998386093150202
1.6749999999999863,0,19.821419610973052,2.98298118475338,-0.13966815644744404,0.054494930863178234,-0.5088007176582667,1.991476395992728,0.2100083418820093,driving,1.1999995139151205,29.568535488566987
1.6799999999999862,0,18.993610938240227,2.9835409934807022,-0.14213405817445968,0.06242729568521136,-0.49066980277313105,2.014710237845499,0.21071901217288158,driving,1.1999995127756977,29.114730498248846
1.684999999999986,0,18.13653021891353,2.9842313552163175,-0.14450606194413906,0.07038099905646217,-0.4716207509977606,2.037878562060016,0.21144154248260227,driving,1.199999511555599,28.627610203387203
