# time, goalRoll, Torque, speed, roll, steer, rollrate, steerrate, intE, fsmstate, kickangle, Tdelayed
0.005,0,0.015039513970363403,108.71477026524435,-3.871068285548875e-06,1.906434615390377e-05,-0.0007732427835454367,0.0003686426767795835,1.9355341427744375e-08,driving,1.0999998498746328,0.0
0.01,0,20.542085486652493,1.9463048065439545,-0.23278334173199508,0.0023765327950110073,-0.005371340953115968,0.5477237296345872,0.001163936064001403,driving,1.105000141788016,0.0
0.015,0,28.594813780058242,2.3406507538556434,-0.23456849610088312,0.00317040666930882,-0.36874286832476244,0.5895380332909423,0.0023367785445058188,driving,1.1097497686603535,0.0
0.02,0,26.8261037782092,2.5389294057915484,-0.23594080348097862,0.004360437322952228,-0.2880466990737286,0.5918846932052745,0.003516482561910712,driving,1.1142621314201109,0.0
0.025,0,24.47075354934676,2.6511506701514693,-0.2368052844745545,0.006112058447713257,-0.18609351298900045,0.6022080648162973,0.0047005089842834845,driving,1.118548910777219,0.0
0.030000000000000002,0,22.282267457101256,2.7462918688538847,-0.23723145218009803,0.008449138556880727,-0.09707425571226828,0.6245097182657522,0.005886666245183974,driving,1.1226213875249471,0.0
0.035,0,20.698215445682266,2.8442007453051312,-0.23738192427232466,0.011295328568801942,-0.03969872910050653,0.6588792830431427,0.007073575866545598,driving,1.1264902740816356,0.0
0.04,0,19.609751406151318,2.934844416916481,-0.23738221595272188,0.014556974401368501,-0.007322580183963107,0.6985993322047119,0.008260486946309207,driving,1.1301657354353578,0.0
0.045,0,18.87093326737053,2.984301110694,-0.23731314523344554,0.018128189095482698,0.008427067638300006,0.7351174989031113,0.009447052672476435,driving,1.1336574313103658,0.0
0.049999999999999996,0,18.30818492988307,2.9983606033957533,-0.23721237243846277,0.021928242851079048,0.01606463383128917,0.76627829800031,0.01063311453466875,driving,1.136974538355411,0.0
0.05499999999999999,0,17.91348344413607,3.0045245774217273,-0.23711899494873578,0.025907836072328626,0.01572776264927156,0.7964722047271631,0.011818709509412429,driving,1.1401257900955417,0.0
0.05999999999999999,0,18.135686410684084,3.027227884121324,-0.2371534107521742,0.02983528726164314,-0.009610524092937875,0.8106543236345785,0.0130044765631733,driving,1.1431194431220826,0.0
0.06499999999999999,0,18.418876838216615,3.0306503594640724,-0.23732217242307674,0.033673927258926546,-0.03577556799906231,0.8169753024999077,0.014191087425288684,driving,1.1459634371759557,0.0
0.06999999999999999,0,18.136129903832842,3.030548559393275,-0.23749025115135758,0.037504074449274304,-0.03545699527231223,0.8157121393105743,0.015378538681045472,driving,1.148665233248591,0.0
0.075,0,17.84010900871595,3.0311321714584483,-0.2376544886627281,0.04133063256016682,-0.034559742000826975,0.8145763618176926,0.016566811124359114,driving,1.1512319407672622,0.0
0.08,0,17.545459050850706,3.032518173207127,-0.23781532572777528,0.04515417934605136,-0.03376196547530405,0.8137084431690895,0.017755887752997992,driving,1.1536703144112157,0.015039513970363403
0.085,0,17.249814762315474,3.03469654146433,-0.23797305080801168,0.048977962330724156,-0.033025981122994666,0.8135671100919768,0.01894575300703805,driving,1.155986770969729,20.542085486652493
0.09000000000000001,0,16.73667161620555,3.0376731400701105,-0.23812636957219238,0.053139190797937455,-0.032077317150965436,0.8791053988551427,0.020136384854899013,driving,1.1581874062972166,28.594813780058242
0.09500000000000001,0,16.19827812408566,3.0414441874863836,-0.2382753031909979,0.05763636343387228,-0.031127380085221278,0.9443193268673711,0.021327761370854,driving,1.1602780113546327,26.8261037782092
0.10000000000000002,0,15.633329346695488,3.0460055599150255,-0.23841975639074223,0.06246922129436008,-0.030151700494463078,1.0094811637999115,0.022519860152807714,driving,1.162264087567426,24.47075354934676
0.10500000000000002,0,15.041850075998303,3.0513526771509025,-0.2385596314483943,0.06763748111421483,-0.02914987818664187,1.074583773419622,0.023712658310049685,driving,1.1641508612917786,22.282267457101256
0.11000000000000003,0,14.42391404899565,3.0574803239912476,-0.23869483030483293,0.07314078382069007,-0.028122031968082717,1.1396088314391284,0.02490613246157385,driving,1.1659432975701562,20.698215445682266
0.11500000000000003,0,16.301048636910366,3.079571372238785,-0.2394047187269238,0.0786534343244018,-0.14236812572238733,1.2470849486318705,0.02610315605520847,driving,1.1676460781367966,19.609751406151318
0.12000000000000004,0,16.333508887667293,3.1015981202135063,-0.24026232141617188,0.08446788854628154,-0.17197752784713316,1.3388516916893543,0.027304467662289326,driving,1.1692637096713554,18.87093326737053
0.12500000000000003,0,16.159582253282302,3.123951439621062,-0.24122268429326343,0.09061620547775949,-0.19248123349684074,1.4263602954263717,0.028510581083755645,driving,1.1708004706329331,18.30818492988307
0.13000000000000003,0,12.481766057283247,3.054194152500228,-0.24156299536705536,0.0970282360667142,-0.06688776469298997,1.5819458053413236,0.029718396060590922,driving,1.1722602989550828,17.91348344413607
0.13500000000000004,0,9.807118577963383,3.0636786068268314,-0.24152691786105218,0.10397658852898423,0.008996660527824062,1.7493405528776547,0.030926030649896182,driving,1.1736471903164232,18.135686410684084
0.14000000000000004,0,8.109832116374154,3.0860950291509264,-0.24128853695726485,0.11131660854147639,0.04988627804244126,1.830177813087702,0.032132473334682506,driving,1.1749647838071822,18.418876838216615
0.14500000000000005,0,7.035063554743756,3.095765878935245,-0.24095635170607266,0.1187919767326781,0.06919771547965856,1.8541674071960266,0.03333725509321287,driving,1.176216521735901,18.136129903832842
0.15000000000000005,0,6.161164506778463,3.095995135905307,-0.24058301174233046,0.12643509582227463,0.07795662996221531,1.8840587987790818,0.034540170151924524,driving,1.1774056847346732,17.84010900871595
0.15500000000000005,0,5.290806507238092,3.095161866250817,-0.24018082697207835,0.13430246738696608,0.08422770704644221,1.92511908907674,0.03574107428678491,driving,1.1785353907001794,17.545459050850706
0.16000000000000006,0,6.048510018483054,3.018444079122133,-0.24009921325485617,0.14200759123391118,0.020346041157271327,1.9564682898604615,0.03694157035305919,driving,1.1796085757596886,17.249814762315474
0.16500000000000006,0,5.616166088006997,3.000238831752184,-0.2400767005495989,0.14984589603365192,0.008335794673296782,1.9993988342020874,0.03814195385580719,driving,1.180628112036789,16.73667161620555
0.17000000000000007,0,4.967151865990498,3.00706195142363,-0.24007457548813285,0.15791538180217807,0.003939345771179015,2.0534406991873935,0.039342326733247855,driving,1.1815966812250436,16.19827812408566
0.17500000000000007,0,3.4604422714619245,3.0191040615030267,-0.23964857408920523,0.1641261448944626,0.08918643007576833,1.7462815275970032,0.04054056960369388,driving,1.1825168039508254,15.633329346695488
0.18000000000000008,0,2.336478350733943,3.016964435469752,-0.2390579239451011,0.16996776278321463,0.12233491299006254,1.717603059609362,0.04173585922341938,driving,1.1833909158509266,15.041850075998303
0.18500000000000008,0,1.467795979618141,3.0083161483767276,-0.23839089482857814,0.17579141932589773,0.13776197975601542,1.736371142839461,0.042927813697562274,driving,1.184221327929049,14.42391404899565
0.19000000000000009,0,0.660138657072844,3.002064640008509,-0.23766261953278786,0.18164190268109312,0.15025842635043055,1.7543622769922764,0.04411612679522621,driving,1.1850102276110586,16.301048636910366
0.1950000000000001,0,-0.18004303140247835,2.992720877942683,-0.23686131874461758,0.18750539368384045,0.16513711726905494,1.7626746816949619,0.0453004333889493,driving,1.18575968553218,16.333508887667293
0.2000000000000001,0,-1.0882892164965678,2.9889539606973967,-0.23597246870531205,0.19337740080864702,0.18293708600257264,1.7691941895267944,0.046480295732475856,driving,1.1864716703822729,16.159582253282302
0.2050000000000001,0,-1.9905876057390897,2.989386755809237,-0.23499439137156977,0.1992167451282498,0.20104027987484197,1.7693548447800094,0.0476552676893337,driving,1.1871480561798926,12.481766057283247
0.2100000000000001,0,-2.9110471287555324,2.9926092359837044,-0.233919801087966,0.20498570344391875,0.22053569695085062,1.7639162617926196,0.04882486669477353,driving,1.1877906216497107,9.807118577963383
0.2150000000000001,0,-3.832060062821598,2.9967652672852636,-0.23274171825072668,0.2106093283467636,0.24142189446245885,1.7486283432499468,0.04998857528602717,driving,1.1884010587885545,8.109832116374154
0.2200000000000001,0,-4.749488363842599,2.999351921139534,-0.23146062299154224,0.2160839965951607,0.26221856073953903,1.7337993853846698,0.051145878400984876,driving,1.1889809748835876,7.035063554743756
0.22500000000000012,0,-5.676690895809999,2.999683651515321,-0.23007435563211498,0.221425040211565,0.2834330847717009,1.7196399270564438,0.05229625017914545,driving,1.1895318952545706,6.161164506778463
0.23000000000000012,0,-6.603772190638347,2.998922341743309,-0.2285840620603476,0.2266514588922393,0.30440912107348855,1.7072872497618432,0.05343917048944719,driving,1.1900552699353804,5.290806507238092
0.23500000000000013,0,-7.554402711933752,2.99748974439127,-0.226986361298511,0.23177923128614794,0.32608367144989825,1.6972128256668513,0.054574102295939744,driving,1.190552475230107,6.048510018483054
0.24000000000000013,0,-8.511129736438749,2.9956660613513626,-0.22527916935273515,0.23680268009508623,0.34820157738326835,1.685337359183002,0.05570049814270342,driving,1.1910248206735354,5.616166088006997
0.24500000000000013,0,-9.505528149320897,2.993653526234186,-0.22345734690542268,0.24174790904693302,0.37136712742343,1.6771544788062935,0.056817784877230534,driving,1.1914735472716482,4.967151865990498
0.2500000000000001,0,-10.459780543333899,2.9922120683575844,-0.2215285388811006,0.24660127920800629,0.39300866623077213,1.665959664142989,0.05792542757163604,driving,1.1918998396852925,3.4604422714619245
0.2550000000000001,0,-11.432150028025873,2.9912892652919423,-0.21948724898670327,0.25134916978814276,0.4157616077289883,1.6518466020897753,0.05902286381656956,driving,1.192304818235562,2.336478350733943
0.2600000000000001,0,-12.391667607426001,2.9906803675352807,-0.2173358324746595,0.25599060715934036,0.4380276886834493,1.6364743511648998,0.06010954297894285,driving,1.1926895491828031,1.467795979618141
0.2650000000000001,0,-12.966853151109897,2.9901796039097435,-0.21507065146340099,0.259898742557508,0.4610214986735113,1.496278336939593,0.061184896236259854,driving,1.1930550414848355,0.660138657072844
0.27000000000000013,0,-13.449450321721354,2.9896422911570797,-0.21270868518957367,0.2631298391337952,0.4805930327188427,1.3654454312489455,0.06224843966220772,driving,1.1934022598923033,-0.18004303140247835
0.27500000000000013,0,-13.865561343171638,2.9888047464837175,-0.2102593189755488,0.26572421189833956,0.4982686607417006,1.2404042255703194,0.06329973625708546,driving,1.193732118042505,-1.0882892164965678
0.28000000000000014,0,-14.238625992035916,2.9876877938095867,-0.20772771306064927,0.26772850663785847,0.5148755414904873,1.1217797817939883,0.0643383748223887,driving,1.1940454826117715,-1.9905876057390897
0.28500000000000014,0,-14.522329144514107,2.9870095809857182,-0.20512757131272294,0.26916512978934676,0.5287032498464632,1.0064430439404866,0.06536401267895232,driving,1.1943431808251355,-2.9110471287555324
0.29000000000000015,0,-14.767243152370305,2.9864791968024047,-0.202461528454753,0.27005480162928225,0.5419841047178243,0.8942609807692139,0.06637632032122609,driving,1.1946259945680981,-3.832060062821598
0.29500000000000015,0,-14.967399125667376,2.985682062066728,-0.1997348569619698,0.2704257458783763,0.5541979694848981,0.7865934940116216,0.06737499460603594,driving,1.1948946677452459,-4.749488363842599
0.30000000000000016,0,-15.120370963590323,2.984536683334597,-0.1969538496101554,0.2703069084956934,0.5651474156613687,0.6835342097862395,0.06835976385408671,driving,1.1951499073306497,-5.676690895809999
0.30500000000000016,0,-15.227650821680498,2.9831221637645347,-0.19412484381081835,0.2697270261532649,0.5748289424039131,0.5850454973207643,0.0693303880731408,driving,1.1953923850105912,-6.603772190638347
0.31000000000000016,0,-15.304525315913558,2.9815844841229833,-0.19125190800972963,0.2687238070379568,0.5836762436786321,0.492185054287255,0.07028664761318945,driving,1.195622737738676,-7.554402711933752
0.31500000000000017,0,-15.299525906032308,2.980594681886159,-0.18835099188468832,0.267331450684169,0.5893006895493447,0.40507005945810104,0.0712284025726129,driving,1.1958415744886939,-8.511129736438749
0.3200000000000002,0,-15.260182319630356,2.980082617988089,-0.18542714381821296,0.26558332115773875,0.5938572460831403,0.3227939370163618,0.07215553829170396,driving,1.1960494694575705,-9.505528149320897
0.3250000000000002,0,-15.20171539679829,2.980253624567555,-0.1824781508028963,0.2634682177449799,0.598845236557258,0.2392553537491311,0.07306792904571843,driving,1.1962469700015257,-10.459780543333899
0.3300000000000002,0,-15.09729247139983,2.9803876784542593,-0.17951174016726057,0.261012705952423,0.6022544826342227,0.16024209388316635,0.07396548774655473,driving,1.196434596545283,-11.432150028025873
0.3350000000000002,0,-14.969882924856082,2.980308026590535,-0.1765305597327745,0.2582397448750021,0.6051202756099947,0.08521193456907628,0.0748481405452186,driving,1.196612841646158,-12.391667607426001
0.3400000000000002,0,-14.819928567074951,2.979837353769318,-0.1735364960116379,0.255162742624687,0.6076133360926181,0.012690011361715325,0.0757158230252768,driving,1.196782174191962,-12.966853151109897
0.3450000000000002,0,-14.621514212066316,2.9792018767750514,-0.17053933904230234,0.2518143096853096,0.6081307805696451,-0.05450806610166253,0.07656851972048831,driving,1.1969430409017046,-13.449450321721354
0.3500000000000002,0,-14.41587209130959,2.9786048230140474,-0.1675400719844505,0.24822608951856553,0.6084323879340695,-0.11647143943710103,0.07740622008041056,driving,1.197095862850087,-13.865561343171638
0.3550000000000002,0,-14.162132016499626,2.9785983653853454,-0.16454724346958416,0.2444110606393301,0.6070074901257163,-0.17585545036789743,0.07822895629775849,driving,1.1972410448764186,-14.238625992035916
0.3600000000000002,0,-13.877973964173552,2.978939719808356,-0.1615665750824288,0.2403922692725162,0.6044161528409793,-0.23126475966354954,0.07903678917317063,driving,1.1973789687665193,-14.522329144514107
0.3650000000000002,0,-13.602556446534383,2.9793268462154217,-0.1585929946946627,0.23617189138892541,0.6028295003368056,-0.2861093529183776,0.07982975414664394,driving,1.1975099949057655,-14.767243152370305
0.3700000000000002,0,-13.279529295733568,2.98008841246687,-0.15563756110412133,0.23177963011373756,0.5990062649576111,-0.3353344374018028,0.08060794195216454,driving,1.197634470876178,-14.967399125667376
0.3750000000000002,0,-12.93356756098988,2.9809985296038186,-0.15270397344834805,0.2272301379096392,0.5944248738313326,-0.3820971395665451,0.08137146181940628,driving,1.1977527239403951,-15.120370963590323
0.3800000000000002,0,-12.590609462624752,2.981813442938627,-0.14978803601498497,0.22251492271015824,0.5906970890504113,-0.42974738907141286,0.08212040199948122,driving,1.1978650639668162,-15.227650821680498
0.38500000000000023,0,-12.224304776639505,2.9823907159577736,-0.14689724445630248,0.21767866944594835,0.5854380704932581,-0.4699173235430659,0.08285488822176273,driving,1.1979717863607373,-15.304525315913558
0.39000000000000024,0,-11.8266322563735,2.983540299174566,-0.14403770769889343,0.2127318089298249,0.5789436996567822,-0.507824773844378,0.0835750767602572,driving,1.1980731736592078,-15.299525906032308
0.39500000000000024,0,-11.435097950551523,2.984706826342492,-0.14120475231230453,0.20766212867170347,0.5734025091181536,-0.5471671116134571,0.08428110052181872,driving,1.1981694913537269,-15.260182319630356
0.40000000000000024,0,-11.013536150621489,2.9856246710790684,-0.13840658506770795,0.20250073550106493,0.5662134713419226,-0.5809266608911436,0.08497313344715726,driving,1.1982609938189326,-15.20171539679829
0.40500000000000025,0,-10.595864459116031,2.9863723578434227,-0.13563995886080943,0.19724198208702556,0.5596969011046018,-0.6152382719387743,0.0856513332414613,driving,1.1983479207322845,-15.09729247139983
0.41000000000000025,0,-10.129335864523823,2.9871863011935487,-0.13291986750484863,0.1919382447971764,0.5501553081786247,-0.6407347857953003,0.08631593257898555,driving,1.198430502829366,-14.969882924856082
0.41500000000000026,0,-9.69266733727041,2.988302973874249,-0.1302359286046265,0.18657034631364142,0.5426992614117105,-0.6694691217869905,0.08696711222200869,driving,1.1985089539826261,-14.819928567074951
0.42000000000000026,0,-9.231444946894243,2.9898307905642216,-0.12759578909797525,0.1811660280085946,0.5336934843938671,-0.6926832833700587,0.08760509116749857,driving,1.1985834821581014,-14.621514212066316
0.42500000000000027,0,-8.76554377058199,2.9917596282609,-0.12499749404738972,0.17570596605060815,0.5250956452518555,-0.7181872361835901,0.08823007863773552,driving,1.1986542841841312,-14.41587209130959
0.43000000000000027,0,-8.263576886089997,2.993423410479437,-0.12244953050793211,0.17020399407731013,0.5148114949056528,-0.7407435954215816,0.08884232629027518,driving,1.1987215483324862,-14.162132016499626
0.4350000000000003,0,-7.769541602601478,2.9946975191054097,-0.1199515072005021,0.16468755283029676,0.504587456421084,-0.7593144311509883,0.08944208382627769,driving,1.1987854476769437,-13.877973964173552
0.4400000000000003,0,-7.247240542376344,2.9963119721926725,-0.11750839707876598,0.15915024604919206,0.4933860121061824,-0.7781655478771881,0.09002962581167152,driving,1.1988461548651599,-13.602556446534383
0.4450000000000003,0,-6.74082648357756,2.9973999816722805,-0.1151179429993014,0.15361452918676355,0.48262973372817297,-0.7935812574389738,0.09060521552666803,driving,1.1989038254081512,-13.279529295733568
0.4500000000000003,0,-6.24172523514984,2.9986557249432186,-0.11277761032236865,0.14807460833958988,0.4723911786989792,-0.8090516792727748,0.09116910357827987,driving,1.1989586105714676,-12.93356756098988
0.4550000000000003,0,-5.71145036034749,3.000216686874989,-0.1104960564281105,0.14254736407585172,0.46042121182464785,-0.8207069551805045,0.09172158386042042,driving,1.1990106574057493,-12.590609462624752
0.4600000000000003,0,-5.189093369114643,3.001533010873978,-0.10826989226318426,0.13702238362487207,0.4491507607976895,-0.8335954760765694,0.09226293332173635,driving,1.1990601017253806,-12.224304776639505
0.4650000000000003,0,-4.646888975771442,3.0024481977516615,-0.10610528436157632,0.13152009563675518,0.43665028275311074,-0.8427661646879797,0.09279345974354423,driving,1.1991070745428098,-11.8266322563735
0.4700000000000003,0,-4.095424595557914,3.0032904867135213,-0.10400458184570666,0.12604789628520835,0.42368502746545134,-0.8506037518255888,0.09331348265277277,driving,1.1991516993144615,-11.435097950551523
0.4750000000000003,0,-3.5488578785122935,3.004157781390837,-0.10196772727389437,0.12061912766780941,0.4107256242722312,-0.8561802587278147,0.09382332128914224,driving,1.1991940920601314,-11.013536150621489
0.4800000000000003,0,-3.002152971119725,3.005325374282411,-0.09999305613857551,0.11521669376813537,0.398120127566958,-0.8635435868282157,0.09432328656983512,driving,1.199234364965241,-10.595864459116031
0.4850000000000003,0,-2.43786310653077,3.006210577133607,-0.0980860559145542,0.10985633540838999,0.38441975447044546,-0.86775608121145,0.09481371684940788,driving,1.1992726248958607,-10.129335864523823
0.4900000000000003,0,-1.8664942607267467,3.006947004784729,-0.09624872397882461,0.10454454369677417,0.37032315970491086,-0.8706941099834358,0.09529496046930201,driving,1.1993089723644563,-9.69266733727041
0.49500000000000033,0,-1.3054843732864536,3.0073679583341093,-0.09447786422245542,0.09927337991054756,0.3568851029241104,-0.874331100593108,0.09576734979041429,driving,1.1993435018605647,-9.231444946894243
0.5000000000000003,0,0.31536810942050497,3.0073869234244888,-0.09281139720354141,0.09267289892496955,0.33583028895995026,-1.152802106080803,0.096231406776432,driving,1.1993763045135133,-8.76554377058199
0.5050000000000003,0,2.0311767201881223,3.007818860928779,-0.091276677771144,0.08498117615115904,0.30924806025676493,-1.3882912083805097,0.09668779016528771,driving,1.1994074682614486,-8.263576886089997
0.5100000000000003,0,3.8089899926717337,3.0082915456832744,-0.0898924803909484,0.07639235346357681,0.27887866027509023,-1.5874731438550445,0.09713725256724245,driving,1.1994370746525338,-7.769541602601478
0.5150000000000003,0,5.617047043118376,3.00838893973088,-0.08866853725185223,0.06705642058932337,0.24655737309405915,-1.7572433043881392,0.09758059525350171,driving,1.1994652002934205,-7.247240542376344
0.5200000000000004,0,7.447495590340713,3.007997002137493,-0.0876184904867575,0.057151876410078135,0.21148159032476377,-1.8929636944795916,0.0980186877059355,driving,1.1994919189945057,-6.74082648357756
0.5250000000000004,0,9.297137330662101,3.0077531399832607,-0.08675009788729172,0.046790098880001796,0.17485674614436553,-2.0056610055811306,0.09845243819537196,driving,1.1995173018665755,-6.24172523514984
0.5300000000000004,0,11.174534575648668,3.007722946928766,-0.08608627255650789,0.03617728239768708,0.13360641675031246,-2.0791560952361747,0.0988828695581545,driving,1.1995414182608823,-5.71145036034749
0.5350000000000004,0,13.012777076077999,3.008259766103954,-0.08562452501725952,0.025408831414674628,0.0928586189442529,-2.132613947036681,0.09931099218324078,driving,1.1995643291337728,-5.189093369114643
0.5400000000000004,0,14.804432115866554,3.00851440141328,-0.08536194814314434,0.014572468998501033,0.05271056050605708,-2.166582837105367,0.09973780192395651,driving,1.1995860933687907,-4.646888975771442
0.5450000000000004,0,16.55161596200172,3.007950154195559,-0.08530069709516869,0.003780809668465406,0.01213933681798362,-2.176736309709297,0.10016430540943236,driving,1.1996067683804765,-4.095424595557914
0.5500000000000004,0,18.240758396840526,3.006793564485148,-0.08544436256569185,-0.006826831110398971,-0.029168040424946362,-2.1594964028784647,0.10059152722226082,driving,1.1996264087241943,-3.5488578785122935
0.5550000000000004,0,19.883573172252035,3.006076634496563,-0.08579667932233301,-0.017153915783471876,-0.07121917164827475,-2.121373855092167,0.10102051061887249,driving,1.199645067881688,-3.002152971119725
0.5600000000000004,0,21.453486170132162,3.005519327660577,-0.08635605355883628,-0.027110503383802748,-0.11294606699096019,-2.0638031678921704,0.10145229088666667,driving,1.1996627946631906,-2.43786310653077
0.5650000000000004,0,22.93645598728297,3.0049815518978034,-0.08711912174884553,-0.03660869855081106,-0.15399260044631696,-1.9870642223600619,0.1018878864954109,driving,1.1996796354090111,-1.8664942607267467
0.5700000000000004,0,24.303281090998546,3.004375563339965,-0.08807764759520935,-0.045557284465382014,-0.19338803332636642,-1.8911691581947403,0.10232827473338695,driving,1.1996956330442365,-1.3054843732864536
0.5750000000000004,0,25.583170799315777,3.00417635205305,-0.08922950927440239,-0.05388773221394557,-0.23233537067726814,-1.778850870922806,0.10277442227975896,driving,1.19971083126254,0.31536810942050497
0.5800000000000004,0,26.60255176305226,3.003936023455371,-0.09056175336213847,-0.06134404433654465,-0.2686650878441029,-1.6132054952348374,0.10322723104656965,driving,1.1997252697404257,2.0311767201881223
0.5850000000000004,0,27.375003028088422,3.0031867981664213,-0.09205468810947316,-0.06777751527606544,-0.30100914297180853,-1.4142616630379596,0.10368750448711701,driving,1.1997389853006504,3.8089899926717337
0.5900000000000004,0,28.075630491967562,3.001877756464518,-0.09370050887846279,-0.07324289007980377,-0.3317687931325176,-1.223629067237402,0.10415600703150933,driving,1.1997520151191199,5.617047043118376
0.5950000000000004,0,28.680506940626017,3.0003733154660193,-0.09548499416022291,-0.07779100752718054,-0.3596684266407067,-1.041928652554788,0.10463343200231044,driving,1.1997643923672106,7.447495590340713
0.6000000000000004,0,29.23351264327716,2.9993749434843986,-0.09740258934659804,-0.08148340686972484,-0.3864223013262347,-0.8696718025970228,0.10512044494904343,driving,1.1997761512770597,9.297137330662101
0.6050000000000004,0,29.71305378455719,2.998211540384622,-0.09944200724856395,-0.08437959440378104,-0.4108834247914932,-0.7069300123813049,0.10561765498528626,driving,1.1997873216370205,11.174534575648668
0.6100000000000004,0,30.141340085213923,2.9968982554258683,-0.10159907841278396,-0.08651165044644447,-0.43450160461353354,-0.5494423734792293,0.10612565037735018,driving,1.1997979346099403,13.012777076077999
0.6150000000000004,0,30.473619382185547,2.995529846557388,-0.10385627455210243,-0.08793298361698443,-0.45458629532429495,-0.40159365260118274,0.1066449317501107,driving,1.1998080149343724,14.804432115866554
0.6200000000000004,0,30.774558446087067,2.9943767423049974,-0.10621224779988948,-0.08868510717016385,-0.4743722759781089,-0.2597390071432919,0.10717599298911014,driving,1.1998175917423575,16.55161596200172
0.6250000000000004,0,31.023846203617936,2.9932403903008913,-0.10865968234167671,-0.08881108447301374,-0.492671035770105,-0.12506788807719948,0.10771929140081853,driving,1.1998266901207428,18.240758396840526
0.6300000000000004,0,31.22121952794253,2.9920808173444993,-0.11119094954216459,-0.08835067583436111,-0.5094217769144979,0.002886961384035519,0.10827524614852935,driving,1.1998353337729728,19.883573172252035
0.6350000000000005,0,31.36080131907335,2.990660115316035,-0.11379755483062351,-0.0873373052017911,-0.5244478509078636,0.12547530024411,0.10884423392268247,driving,1.1998435443908833,21.453486170132162
0.6400000000000005,0,31.45654006573348,2.9889466966526297,-0.11647383459248366,-0.08580099808433371,-0.5383296403957638,0.2429665501894086,0.10942660309564489,driving,1.1998513445617676,22.93645598728297
0.6450000000000005,0,31.48160515521826,2.987292445062204,-0.11920783814480224,-0.08376627226605494,-0.549816999469016,0.3552946631260455,0.1100226422863689,driving,1.199858753691488,24.303281090998546
0.6500000000000005,0,31.46356018170815,2.9863115183107234,-0.12199328396034716,-0.08126472326884075,-0.5600280700387787,0.4621556576851089,0.11063260870617064,driving,1.1998657917549518,25.583170799315777
0.6550000000000005,0,31.459029209411234,2.986169358469786,-0.12483466925671526,-0.07834838254549288,-0.5710906449739432,0.5618690001702353,0.11125678205245422,driving,1.1998724800438718,26.60255176305226
0.6600000000000005,0,31.364287076631058,2.9855877684929455,-0.12771525869039524,-0.07502826871667834,-0.5788088990416255,0.657871250721439,0.11189535834590619,driving,1.1998788327200123,27.375003028088422
0.6650000000000005,0,31.256142076354916,2.9853741751746927,-0.13063416096908279,-0.07133893062846401,-0.5863212407605408,0.7485934894394319,0.1125485291507516,driving,1.1998848681571264,28.075630491967562
0.6700000000000005,0,31.1151008432387,2.98523395450606,-0.13358612074737752,-0.06730697056345185,-0.5927638881916756,0.8347087557315709,0.11321645975448849,driving,1.1998906020379936,28.680506940626017
0.6750000000000005,0,30.93150756158446,2.9848266216973114,-0.13656476590728897,-0.06294902093923493,-0.5979121015549487,0.9181271669452651,0.11389928358402493,driving,1.1998960484116765,29.23351264327716
0.6800000000000005,0,30.688755952195507,2.9840534691664615,-0.13956024351751714,-0.0582711506300333,-0.6010989710876208,0.9992986783749495,0.11459708480161251,driving,1.1999012213913525,29.71305378455719
0.6850000000000005,0,30.43346137333248,2.9835933563648624,-0.14257235250296876,-0.053297632300248164,-0.6042188981115562,1.0773143272698043,0.11530994656412735,driving,1.1999061356104352,30.141340085213923
0.6900000000000005,0,30.152190104057212,2.9830950482428453,-0.1455967936879308,-0.04805150438192393,-0.6064728176629257,1.151145234070627,0.116037930532567,driving,1.1999108047964222,30.473619382185547
0.6950000000000005,0,29.84971679989922,2.983024254954813,-0.14862860406582581,-0.04256413731719781,-0.6077353655249964,1.2188049884261514,0.11678107355289613,driving,1.1999152419437473,30.774558446087067
0.7000000000000005,0,29.47754546081739,2.983286474326111,-0.15165495087593195,-0.03683985466551291,-0.6064288804616129,1.2847235992595638,0.11753934830727579,driving,1.19991945537036,31.023846203617936
0.7050000000000005,0,29.11139145046008,2.983975786067044,-0.15467841836027135,-0.030904055776581278,-0.6056240207417599,1.3470491964999456,0.11831274039907715,driving,1.1999234587178096,31.22121952794253
0.7100000000000005,0,28.72258249673131,2.9848187308728953,-0.15769467375985788,-0.02477751768666274,-0.6039467097218095,1.4055607841471593,0.11910121376787644,driving,1.1999272623630095,31.36080131907335
0.7150000000000005,0,28.298438307863066,2.985505098319273,-0.16069798600521812,-0.018469155048827488,-0.6011124857344186,1.4625733787747843,0.11990470369790253,driving,1.1999308752079059,31.45654006573348
0.7200000000000005,0,27.824792445440664,2.9859142264050447,-0.16367941554117157,-0.0119800255684326,-0.5965102297045328,1.517998733020232,0.12072310077560838,driving,1.1999343064767554,31.48160515521826
0.7250000000000005,0,27.35422643202513,2.986952309962619,-0.16663979294570366,-0.005337341825682689,-0.5920657818067682,1.5691645869270707,0.1215562997403369,driving,1.1999375670448464,31.46356018170815
0.7300000000000005,0,26.85372488676037,2.988044485631461,-0.16957405174882872,0.0014478090331442837,-0.5865974421320647,1.6186151827605146,0.12240416999908103,driving,1.1999406642719466,31.459029209411234
0.7350000000000005,0,26.334978873815675,2.988948602481849,-0.1724787733516631,0.008361747608591269,-0.5804517649714883,1.665197835283057,0.12326656386583935,driving,1.1999436071104086,31.364287076631058
0.7400000000000005,0,25.755393546281173,2.989694098843906,-0.17534295139141137,0.015409386465925825,-0.5721167874996137,1.711578691898757,0.12414327862279641,driving,1.1999464011429612,31.256142076354916
0.7450000000000006,0,25.185260421652693,2.990854035382512,-0.1781688951117983,0.022568298807277638,-0.5642434256375377,1.7544314098200502,0.1250341230983554,driving,1.1999490564583823,31.1151008432387
0.7500000000000006,0,24.585235917774746,2.9920812875188365,-0.18095108697517384,0.029827970543935173,-0.5552609814083707,1.7954504538991984,0.12593887853323127,driving,1.1999515789141835,30.93150756158446
0.7550000000000006,0,23.94631446388505,2.9931439195436464,-0.18368169624091793,0.03718398689429113,-0.5447371887394006,1.83425168618732,0.12685728701443585,driving,1.19995397469911,30.688755952195507
0.7600000000000006,0,23.3245079028725,2.9947248093400085,-0.18636451002188584,0.04460885693211801,-0.5349455272613263,1.8698221234674128,0.12778910956454528,driving,1.199956252091202,30.43346137333248
0.7650000000000006,0,22.642617005789745,2.995762727564567,-0.18898697701143283,0.052106077715321705,-0.5226753568049979,1.9036755775652752,0.12873404444960246,driving,1.1999584147441287,30.152190104057212
0.7700000000000006,0,21.95577286709347,2.9971920135231604,-0.1915488658901434,0.059661453775916716,-0.5103521356889664,1.9357725292787877,0.12969178877905319,driving,1.1999604691334194,29.84971679989922
0.7750000000000006,0,21.217201368803792,2.9983727677575893,-0.1940409757821273,0.06728307324662877,-0.49620461375947844,1.9681919350644994,0.13066199365796383,driving,1.1999624194660616,29.47754546081739
0.7800000000000006,0,20.49483589694877,2.9999113240868,-0.19646611411050738,0.07494636236636502,-0.48262481210506636,1.9964810180392305,0.13164432422851635,driving,1.1999642735668223,29.11139145046008
0.7850000000000006,0,19.74460487308399,3.001508572997859,-0.1988183166781483,0.0826394349167677,-0.46785105134516086,2.022525031435609,0.1326384158119071,driving,1.1999660350436612,28.72258249673131
0.7900000000000006,0,18.969640668877812,3.002759756956431,-0.20109305884399092,0.09035761998412462,-0.4521722241594428,2.047466597450591,0.13364388110612707,driving,1.1999677083012856,28.298438307863066
0.7950000000000006,0,18.172100441058774,3.0036158075747497,-0.20328629889018798,0.09809658703229644,-0.43568330310953085,2.071276733532784,0.134660312600578,driving,1.199969297745098,27.824792445440664
0.8000000000000006,0,17.370846478797663,3.004384019136812,-0.20539659002510696,0.1058425981665617,-0.41891499400088816,2.0917646831997043,0.13568729555070355,driving,1.19997080851403,27.35422643202513
0.8050000000000006,0,16.501837619922803,3.0050599357964334,-0.20741158003247512,0.11360703470167585,-0.3996756364566527,2.113630306684537,0.13672435345086592,driving,1.1999722413339267,26.85372488676037
0.8100000000000006,0,15.660865721647216,3.005983870154617,-0.20933722552837897,0.12137256102456216,-0.3816340489196533,2.132489376535241,0.1377710395785078,driving,1.199973603805361,26.334978873815675
0.8150000000000006,0,14.772542668661462,3.0070452026031744,-0.21116347548467823,0.12913623145626785,-0.36159715443291357,2.149645886745398,0.1388268569559312,driving,1.1999748971534667,25.755393546281173
0.8200000000000006,0,13.885553890448502,3.00841365986524,-0.21289066599850534,0.13688219424590603,-0.341624724851281,2.164529018921598,0.13989131028592372,driving,1.1999761263308157,25.185260421652693
0.8250000000000006,0,12.959488831526826,3.0093302673403457,-0.21451140733584828,0.144607319755454,-0.3201561204803244,2.17904018148413,0.14096386732260296,driving,1.1999772933749084,24.585235917774746
0.8300000000000006,0,12.044346825193307,3.0097253487370903,-0.21602801160353097,0.15230546750357232,-0.2991601651097601,2.191170651091335,0.14204400738062062,driving,1.1999784033925727,23.94631446388505
0.8350000000000006,0,11.103276469151233,3.0101463868183864,-0.21743389927384885,0.15996223504532828,-0.2768434588194087,2.20004469724626,0.14313117687698987,driving,1.199979458072763,23.3245079028725
0.8400000000000006,0,10.122726118779314,3.0102794003309814,-0.21872183311864532,0.16757742328893543,-0.2530543690744088,2.2090449678643647,0.1442247860425831,driving,1.199980458964373,22.642617005789745
0.8450000000000006,0,9.139014416481341,3.010109723182309,-0.21989218185220394,0.17515876944416525,-0.22936310923446787,2.2173879418735303,0.14532424695184412,driving,1.1999814096771368,21.95577286709347
0.8500000000000006,0,8.13148583002929,3.0104453652103222,-0.22093981913685315,0.18268967771197525,-0.20462330137585028,2.2237118368976465,0.14642894604752837,driving,1.1999823123773035,21.217201368803792
0.8550000000000006,0,7.093171603628654,3.0103456942865146,-0.22185834739446048,0.19016758033919234,-0.1785985828637993,2.2284640117494403,0.14753823778450068,driving,1.1999831683764757,20.49483589694877
0.8600000000000007,0,6.120896992892522,3.0105782214566146,-0.2226616100759087,0.19757525718483307,-0.1553466804805593,2.2301820062401374,0.14865154583488022,driving,1.19998398555317,19.74460487308399
0.8650000000000007,0,5.052038537765009,3.010683669869304,-0.2233278993819131,0.2049102462221124,-0.12775255532797486,2.229832675979187,0.1497681853317898,driving,1.199984759619059,18.969640668877812
0.8700000000000007,0,3.998128147545083,3.010819083751065,-0.2238614659683414,0.21216821147551412,-0.10100501825527596,2.2289830918778897,0.15088749266163148,driving,1.199985495279451,18.172100441058774
0.8750000000000007,0,2.9122809426908223,3.0106176123729553,-0.22425640086411885,0.2193481619176901,-0.07305158808903169,2.2279479722877897,0.15200877466595208,driving,1.1999861934379323,17.370846478797663
0.8800000000000007,0,1.8261245159042385,3.0099146917593664,-0.22451309210289358,0.2264474954057418,-0.04516149167831554,2.225577963313092,0.15313134012646656,driving,1.199986857041428,16.501837619922803
0.8850000000000007,0,0.6919017383221808,3.008896392968359,-0.22462308100209583,0.23347768035411195,-0.015567126390580227,2.224259480504134,0.15425445553147704,driving,1.1999874856595998,15.660865721647216
0.8900000000000007,0,-0.3976370696551381,3.0082498269555384,-0.22459516327673612,0.24042205017155105,0.012259078456890345,2.2191889022893925,0.15537743134786072,driving,1.1999880848163011,14.772542668661462
0.8950000000000007,0,-1.5338619081178777,3.007906244912483,-0.22441836751975505,0.24726566490730198,0.04230198979941781,2.211452447379119,0.1564995231854595,driving,1.199988653588741,13.885553890448502
0.9000000000000007,0,-2.6852700296051566,3.007279010483551,-0.22409050117658388,0.25401619883859505,0.07276879649957932,2.203650036999971,0.15761997569134242,driving,1.1999891931241526,12.959488831526826
0.9050000000000007,0,-3.8263810425410583,3.0070473671927624,-0.22361304092405637,0.2606581053254672,0.10293597744599388,2.1929379321140106,0.15873804089596272,driving,1.1999897065057068,12.044346825193307
0.9100000000000007,0,-4.989054085844609,3.006725464359988,-0.22298052094464535,0.26717343605009436,0.13423938013124287,2.1796673795331256,0.15985294350068593,driving,1.199990194891013,11.103276469151233
0.9150000000000007,0,-6.176040222415599,3.0055031363339277,-0.22218898035365803,0.27357878282976256,0.1663266219059544,2.1669091515933663,0.16096388840245424,driving,1.1999906576756436,10.122726118779314
0.9200000000000007,0,-7.375690946880818,3.0044788925099244,-0.22123636074307296,0.2798678105135921,0.19885242052425173,2.1533887742902236,0.1620700702061696,driving,1.1999910968738612,9.139014416481341
0.9250000000000007,0,-8.577093187582243,3.003333561561131,-0.22012330261701019,0.2860472113851711,0.23123614609717627,2.1395897978544016,0.16317068671925464,driving,1.1999915135792538,8.13148583002929
0.9300000000000007,0,-9.767960628801905,3.002810163215198,-0.21885112677275573,0.29210123091347984,0.2633488278241897,2.1226595650534987,0.16426494235311842,driving,1.199991910473244,7.093171603628654
0.9350000000000007,0,-10.966988579164491,3.0025277079705055,-0.21741674595030364,0.2980166024987074,0.2960693722593333,2.102554892861434,0.16535202608286995,driving,1.1999922881763965,6.120896992892522
0.9400000000000007,0,-12.214473312037768,3.0021565005436583,-0.2158101612609996,0.3037962038553786,0.33077944047765334,2.0822468763512596,0.16643107688917494,driving,1.1999926451713467,5.052038537765009
0.9450000000000007,0,-13.433853408245875,3.001911228390384,-0.21403748118032379,0.3094326003959156,0.3642539004706049,2.0603913733505554,0.16750126429507656,driving,1.1999929852435411,3.998128147545083
0.9500000000000007,0,-14.677760540222703,3.0015905424079987,-0.2120921360446804,0.3149086193547648,0.39908091120379,2.035572443491958,0.16856172497529995,driving,1.1999933091763249,2.9122809426908223
0.9550000000000007,0,-15.927029401493694,3.00045389448807,-0.2099739717895168,0.3202384827954849,0.4339236493054447,2.011031376419353,0.16961159483424754,driving,1.19999361591818,1.8261245159042385
0.9600000000000007,0,-17.190610654371493,2.999657330089487,-0.2076799165543777,0.32541427491188185,0.4694000251121929,1.9852194373643615,0.17064999441701942,driving,1.1999939069985013,0.6919017383221808
0.9650000000000007,0,-18.008844442816066,2.998945075116541,-0.2052207027070082,0.32982100811234566,0.5026998481363645,1.8350746761188275,0.17167609793055447,driving,1.199994183186047,-0.3976370696551381
0.9700000000000008,0,-18.735515677001167,2.9987615254476028,-0.202610253718014,0.33349361478549505,0.5331686578933169,1.6897591700011418,0.17268914919914455,driving,1.1999944468585115,-1.5338619081178777
0.9750000000000008,0,-19.3907556298593,2.998688635048435,-0.1998574813090024,0.33646105248006286,0.5618129626631502,1.5479516512874791,0.17368843660568956,driving,1.199994698211126,-2.6852700296051566
0.9800000000000008,0,-19.991386036691956,2.9985580502794185,-0.19696822836513142,0.33875620261868217,0.5892256412897635,1.410176696348446,0.1746732777475152,driving,1.1999949362900477,-3.8263810425410583
0.9850000000000008,0,-20.539078031783873,2.998636129953265,-0.1939488484825004,0.34040446200670305,0.6153464481987202,1.277024430081124,0.1756430219899277,driving,1.1999951623379208,-4.989054085844609
0.9900000000000008,0,-21.003693388455524,2.998256997357153,-0.19081080307126408,0.34141980073702355,0.6391777601356997,1.1456689382902876,0.17659707600528401,driving,1.1999953789779343,-6.176040222415599
0.9950000000000008,0,-21.42450235790096,2.99726342870163,-0.1875598973046997,0.341850354677141,0.6618087665370097,1.0202197728157079,0.17753487549180752,driving,1.1999955837911165,-7.375690946880818
1.0000000000000007,0,-21.806398292979722,2.9964739459354313,-0.18420027375822268,0.3417206745748382,0.6835939583940062,0.8990880621040832,0.17845587686059863,driving,1.1999957767608818,-8.577093187582243
1.0050000000000006,0,-22.074971646302288,2.996081767411908,-0.1807539911481369,0.3410719334582805,0.7009085963867466,0.783962330291932,0.1793596468163393,driving,1.19999596230862,-9.767960628801905
1.0100000000000005,0,-22.31056422921087,2.9960394673398425,-0.17722189840300778,0.33991258448443473,0.7180254773647401,0.6695032418882583,0.18024575630835435,driving,1.1999961392983127,-10.966988579164491
1.0150000000000003,0,-22.50312442709637,2.9959781704236605,-0.17360906041719368,0.33826327163913933,0.7341086378104672,0.5583024784435782,0.18111380161044033,driving,1.1999963077471099,-12.214473312037768
1.0200000000000002,0,-22.65039956014799,2.9957779832121054,-0.1699217698771917,0.3361485284591222,0.7489174905831316,0.4509722543715476,0.18196341045982628,driving,1.1999964679157689,-13.433853408245875
1.0250000000000001,0,-22.75910783836754,2.9954797064376577,-0.16616634263307425,0.3336046514689828,0.7624271040663584,0.3492567265503899,0.18279424217299164,driving,1.1999966189617315,-14.677760540222703
1.03,0,-22.81528379199319,2.9955212188061964,-0.16235115581878826,0.3306508412448863,0.774242165960743,0.2510815522647666,0.1836059979520856,driving,1.1999967630178472,-15.927029401493694
1.035,0,-22.833997397651608,2.9955254800563673,-0.15848141874370136,0.3273079999785466,0.7850064289852948,0.1563131926158015,0.1843984050458041,driving,1.1999969002867192,-17.190610654371493
1.0399999999999998,0,-22.794671442540903,2.9955238497598757,-0.15456813255335147,0.32360894487173836,0.7935395886590243,0.06636376037193326,0.18517124570857085,driving,1.1999970318998152,-18.008844442816066
1.0449999999999997,0,-22.7419306503086,2.9957486845551133,-0.15061177773742018,0.31957507440189326,0.8019475996680725,-0.020103850762685616,0.18592430459725795,driving,1.199997155714936,-18.735515677001167
1.0499999999999996,0,-22.652719720190152,2.9963365703527067,-0.14661806652028292,0.3152209240439368,0.8092013596086369,-0.1033537886539661,0.18665739492985936,driving,1.1999972736789002,-19.3907556298593
1.0549999999999995,0,-22.535924458949673,2.996782633670371,-0.14259099579636497,0.3105643928074802,0.8156550712668362,-0.1833812390693509,0.1873703499088412,driving,1.1999973859923314,-19.991386036691956
1.0599999999999994,0,-22.37008740214379,2.9971217888274384,-0.13854258460114577,0.30565411123375774,0.8196594620754258,-0.2558252825614705,0.18806306283184693,driving,1.1999974926428723,-20.539078031783873
1.0649999999999993,0,-22.184700740489873,2.9979462418006717,-0.1344726133341033,0.30047846098541536,0.823723834616262,-0.32957970663152114,0.18873542589851744,driving,1.1999975955295168,-21.003693388455524
1.0699999999999992,0,-21.968867748373917,2.9983919933134513,-0.1303895464594668,0.295085819604077,0.82606423560821,-0.3956138918412354,0.1893873736308148,driving,1.1999976927254885,-21.42450235790096
1.074999999999999,0,-21.741709617134063,2.999228058974046,-0.126292912351352,0.2894735589022033,0.8285032636207945,-0.46136830248175065,0.19001883819257154,driving,1.19999778503235,-21.806398292979722
1.079999999999999,0,-21.499250607014226,2.999912655916588,-0.12218509038127627,0.2836552471466696,0.8304799714240487,-0.5241329135683437,0.19062976364447792,driving,1.1999978726164513,-22.074971646302288
1.0849999999999989,0,-21.241758867630036,3.0002660434253716,-0.11806983735403256,0.2776569788242544,0.8317064404487838,-0.5821572837564748,0.1912201128312481,driving,1.199997954550152,-22.31056422921087
1.0899999999999987,0,-20.936844620166198,3.0009737513710677,-0.11395858897765182,0.271508433026683,0.830631155009249,-0.6351658808340779,0.19178990577613636,driving,1.1999980338436618,-22.50312442709637
1.0949999999999986,0,-20.610356548459283,3.0019426845400887,-0.10985556268895376,0.2652253799393441,0.8287020307042267,-0.6856830264609268,0.19233918358958113,driving,1.1999981103026907,-22.65039956014799
1.0999999999999985,0,-20.267604604363427,3.0031744817786654,-0.10576448786708743,0.25882590219713275,0.8260063688499873,-0.7329017284201789,0.19286800602891657,driving,1.1999981827119166,-22.75910783836754
1.1049999999999984,0,-19.931830461062297,3.004639858032168,-0.10168044060886416,0.2522923823595859,0.8243179934016297,-0.7821485057997222,0.1933764082319609,driving,1.199998252223225,-22.81528379199319
1.1099999999999983,0,-19.589355899049917,3.005334679618357,-0.09760530393090175,0.24564012792725126,0.8222795163839453,-0.8279646523137193,0.1938644347516154,driving,1.1999983176115552,-22.833997397651608
1.1149999999999982,0,-19.238091579984353,3.0054137402453076,-0.09354285857764731,0.2388965275333634,0.8194979854827463,-0.8686394753848764,0.19433214904450366,driving,1.1999983780617622,-22.794671442540903
1.119999999999998,0,-18.85023700424012,3.0058156503220093,-0.08950295700364323,0.23208810661925056,0.8147437569470792,-0.9047613262513525,0.1947796638295219,driving,1.1999984366628262,-22.7419306503086
1.124999999999998,0,-18.44692722397636,3.006519857742156,-0.08548927289492379,0.22522721632128417,0.8092554246324027,-0.938797679511058,0.1952071101939965,driving,1.1999984932838546,-22.652719720190152
1.129999999999998,0,-18.035562956874692,3.007445808180023,-0.08150425147141428,0.21832742588687182,0.8032663190909457,-0.9702637023229587,0.19561463145135358,driving,1.1999985465024077,-22.535924458949673
1.1349999999999978,0,-17.631550979734925,3.0087506654029994,-0.0775439672765291,0.21137208243997055,0.7980758542919311,-1.0035363902705703,0.19600235128773622,driving,1.1999985969689593,-22.37008740214379
1.1399999999999977,0,-17.20625188570913,3.009801687398376,-0.07361529320910887,0.20438611242212254,0.791507784173571,-1.032138610622146,0.19637042775378177,driving,1.199998645651942,-22.184700740489873
1.1449999999999976,0,-16.788258236130083,3.010454131247666,-0.06971543017247224,0.19736339978838463,0.7855195031248928,-1.0612153809004312,0.19671900490464414,driving,1.1999986915309035,-21.968867748373917
1.1499999999999975,0,-16.3493280356185,3.0107470591287626,-0.06585161049502265,0.19033103497987625,0.7780876396789139,-1.085397494792301,0.19704826295711925,driving,1.1999987356546968,-21.741709617134063
1.1549999999999974,0,-15.900888614195576,3.011022280570359,-0.062026867892500226,0.18330049429216402,0.7700532135657128,-1.1074542385441832,0.19735839729658175,driving,1.1999987780210613,-21.499250607014226
1.1599999999999973,0,-15.465575085128693,3.011131511416236,-0.05823811719900991,0.17626956170487262,0.7626485243819542,-1.1290747188559536,0.1976495878825768,driving,1.199998816469926,-21.241758867630036
1.1649999999999971,0,-15.010814547709927,3.011496926964201,-0.05449160259090142,0.1692551360351,0.7539931975682788,-1.1472780090017158,0.1979220458955313,driving,1.1999988537924118,-20.936844620166198
1.169999999999997,0,-14.565530620455826,3.0116335505294587,-0.050784654652372974,0.1622509886512028,0.7458895144477673,-1.1658712636318207,0.19817596916879318,driving,1.1999988889973585,-20.610356548459283
1.174999999999997,0,-14.104324260666926,3.0114418133439944,-0.04712292605738892,0.15527664597797,0.7366496725071403,-1.1809563986571001,0.19841158379908014,driving,1.199998921932414,-20.267604604363427
1.1799999999999968,0,-13.631686039080286,3.0116780641695113,-0.043508843145453134,0.14833095805333646,0.726929347821002,-1.195961698826163,0.1986291280148074,driving,1.1999989553540222,-19.931830461062297
1.1849999999999967,0,-13.157050398098377,3.0115104638285035,-0.0399440458051847,0.14142415460025382,0.7168784007222827,-1.2089645024828317,0.19882884824383332,driving,1.199998986169309,-19.589355899049917
1.1899999999999966,0,-12.692490128223358,3.011408569185018,-0.03642599975790167,0.1345490057594186,0.7073466247147966,-1.2222194041484467,0.19901097824262282,driving,1.1999990149958315,-19.238091579984353
1.1949999999999965,0,-12.215061436611776,3.010999378647298,-0.03295927039650431,0.127718731748313,0.6969018774664479,-1.2328159787262225,0.19917577459460534,driving,1.1999990428527354,-18.85023700424012
1.1999999999999964,0,-11.73185871159854,3.0104700683635124,-0.029546130220065293,0.12094029275069548,0.6860026747857604,-1.2419556960415763,0.19932350524570566,driving,1.1999990697112481,-18.44692722397636
1.2049999999999963,0,-11.260381635474083,3.0096138605948224,-0.026184444073823056,0.11421227567122884,0.6755390158255181,-1.2504488885987222,0.19945442746607478,driving,1.1999990933962617,-18.035562956874692
1.2099999999999962,0,-10.777027586367257,3.00891635521664,-0.022878229081819454,0.10754400080311076,0.6642680062044403,-1.2570081643827722,0.19956881861148387,driving,1.19999911664592,-17.631550979734925
1.214999999999996,0,-10.30323329626486,3.0079284095706305,-0.019625512698898423,0.10093210926530537,0.653401380601517,-1.2635184282125294,0.19966694617497838,driving,1.1999991384711608,-17.20625188570913
1.219999999999996,0,-9.801362922723005,3.00689436454372,-0.01643432234914281,0.09439193453238352,0.6409164370155359,-1.2675848276674757,0.19974911778672408,driving,1.199999160698723,-16.788258236130083
1.2249999999999959,0,-9.317848263158478,3.0058544009224266,-0.01329932076437405,0.08790781905965783,0.6295107959861035,-1.2736802604934963,0.19981561439054596,driving,1.1999991812030897,-16.3493280356185
1.2299999999999958,0,-8.82460733915784,3.0045879938674487,-0.01022436837302843,0.08149093080985959,0.6173306410205314,-1.277370314316432,0.1998667362324111,driving,1.1999992008392875,-15.900888614195576
1.2349999999999957,0,-8.324129564813642,3.003310774215368,-0.00721179477023481,0.0751442143715292,0.6046796050420232,-1.2801526098502427,0.19990279520626228,driving,1.1999992185188857,-15.465575085128693
1.2399999999999956,0,-7.822994738851795,3.0025803495207417,-0.004262032444890696,0.06886753682100469,0.5919367820587593,-1.2826511529863294,0.19992410536848673,driving,1.199999235836637,-15.010814547709927
1.2449999999999954,0,-7.331351344603868,3.0015668724826474,-0.0013731891354130288,0.06265701559467073,0.5795768600619884,-1.284941223573281,0.1999309713141638,driving,1.1999992505789265,-14.565530620455826
1.2499999999999953,0,-6.8334307730207655,3.000635851237285,0.0014525415045724902,0.056518353974485354,0.5667722338304455,-1.2861886904759507,0.19992370860664094,driving,1.1999992665352408,-14.104324260666926
1.2549999999999952,0,-6.3242434576330355,2.999136530947535,0.0042123917337784115,0.05045087405677741,0.5534120509948224,-1.2871695077673893,0.19990264664797205,driving,1.1999992807984696,-13.631686039080286
1.2599999999999951,0,-5.825871377178151,2.9977164776897562,0.006908960343024869,0.044449623197428574,0.540575655175737,-1.2884860035633392,0.19986810184625692,driving,1.19999929397533,-13.157050398098377
1.264999999999995,0,-5.303971898059634,2.996416662022815,0.009536019763313613,0.03852332358413691,0.526481887667896,-1.2883434257476278,0.19982042174744036,driving,1.1999993079334024,-12.692490128223358
1.269999999999995,0,-4.793454711080207,2.995131003812892,0.012097219309790597,0.03265975499591789,0.513124551104417,-1.2898134203002192,0.1997599356508914,driving,1.199999320571509,-12.215061436611776
1.2749999999999948,0,-4.273310665606507,2.9936352932276407,0.014589727580330872,0.026863604540355038,0.49919732515861065,-1.2901095319623295,0.19968698701298973,driving,1.1999993327089546,-11.73185871159854
1.2799999999999947,0,-3.7426483911197956,2.9921798248631553,0.017011270227588512,0.021133022037180614,0.4848139676369453,-1.2903027334656039,0.19960193066185178,driving,1.1999993432699125,-11.260381635474083
1.2849999999999946,0,-3.21042484334411,2.99135042493483,0.01936171177788688,0.015467064464379801,0.4703999890566353,-1.2905341527481873,0.19950512210296234,driving,1.1999993538517444,-10.777027586367257
1.2899999999999945,0,-2.6759607383282313,2.990337320300713,0.02164141677511717,0.009857278700375529,0.4560638072930957,-1.2916597898742526,0.19939691501908677,driving,1.1999993622378953,-10.30323329626486
1.2949999999999944,0,-2.1300228303649384,2.989824435791551,0.023847305625446263,0.0043123431232028045,0.44110024790629554,-1.291561840656702,0.19927767849095954,driving,1.1999993730669734,-9.801362922723005
1.2999999999999943,0,-1.5763089553340364,2.9888370540691453,0.025979374484166297,-0.0011829494947526251,0.42614447521957743,-1.293476260544897,0.19914778161853872,driving,1.1999993814296914,-9.317848263158478
1.3049999999999942,0,0.034772791147092974,2.988008923956506,0.027997375925630775,-0.007977823940257157,0.403092082969791,-1.5660913893993902,0.19900779473891056,driving,1.1999993902368888,-8.82460733915784
1.309999999999994,0,1.7110823330357174,2.9873704746751395,0.0298793052627989,-0.01582655754514711,0.37556506279535734,-1.7943607526296652,0.19885839821259657,driving,1.1999993993669282,-8.324129564813642
1.314999999999994,0,3.442895921002627,2.9869280731607226,0.031607590623879765,-0.024538495450819525,0.34448231432008825,-1.9866535634274907,0.19870036025947718,driving,1.1999994085304164,-7.822994738851795
1.3199999999999938,0,5.208361583223304,2.9863912155618286,0.03317083915209882,-0.03396147837029561,0.3111053242608381,-2.148874440855378,0.1985345060637167,driving,1.1999994154852942,-7.331351344603868
1.3249999999999937,0,6.999480075314691,2.986256914870474,0.034557433793324537,-0.04394316035703397,0.27538334981771795,-2.2815532047579756,0.19836171889475007,driving,1.1999994229098154,-6.8334307730207655
1.3299999999999936,0,8.805434560094067,2.9864101697896808,0.035757865162388554,-0.05434853738689597,0.2377471083033799,-2.387582169250077,0.19818292956893813,driving,1.1999994307337392,-6.3242434576330355
1.3349999999999935,0,10.6145379818818,2.986811034825666,0.03676385341649373,-0.06505051857590151,0.19845527836734428,-2.468015234381531,0.19799911030185566,driving,1.1999994375385703,-5.825871377178151
1.3399999999999934,0,12.401282017682526,2.98761612353344,0.03757292382271158,-0.07593832075638772,0.15867490183529073,-2.525891270350261,0.1978112456827421,driving,1.199999443907348,-5.303971898059634
1.3449999999999933,0,14.171188098966944,2.988361803570599,0.03817791219694611,-0.08688843648229964,0.11746164732223287,-2.5588572097582185,0.19762035612175738,driving,1.1999994506783183,-4.793454711080207
1.3499999999999932,0,15.911446299542243,2.9892486545454866,0.03857457049421606,-0.09779336151983674,0.07540686683264387,-2.5697702418748705,0.1974274832692863,driving,1.19999945771583,-4.273310665606507
1.354999999999993,0,17.601545261185954,2.99006092319959,0.038763237957626095,-0.10856102919862717,0.03343511331841482,-2.561103166651027,0.19723366707949816,driving,1.1999994638612883,-3.7426483911197956
1.359999999999993,0,19.24145501002792,2.9908354536822133,0.0387413709126932,-0.11908870651349562,-0.009029727166324074,-2.5309995896006816,0.1970399602249347,driving,1.1999994689111153,-3.21042484334411
1.3649999999999929,0,20.813679758317665,2.9920803194916448,0.03851145818839418,-0.1292956632076791,-0.05097361945031985,-2.483455687109348,0.19684740293399272,driving,1.1999994736631012,-2.6759607383282313
1.3699999999999928,0,22.3209660425341,2.9934207995205395,0.03807280188852894,-0.1390919321067212,-0.09304006223075414,-2.4167796502543997,0.19665703892455008,driving,1.199999478948627,-2.1300228303649384
1.3749999999999927,0,23.74566278755301,2.9949888834546936,0.037428681135195575,-0.14840016642673956,-0.13441704690414757,-2.3332595585717817,0.19646989551887412,driving,1.199999483413795,-1.5763089553340364
1.3799999999999926,0,25.08295259102016,2.997001771471146,0.03658415568973428,-0.15715974700444138,-0.17474348889482902,-2.2357808685872356,0.19628697474042545,driving,1.1999994876411153,0.034772791147092974
1.3849999999999925,0,26.195481129768755,2.9986213396950534,0.035548864235087,-0.16513676883106213,-0.21311075949947317,-2.0896418260614524,0.19610923041925002,driving,1.1999994914096792,1.7110823330357174
1.3899999999999924,0,27.07914564153362,2.9999772760588765,0.03433514019899073,-0.17214170310163737,-0.2489734001235833,-1.9031013411255604,0.19593755471825505,driving,1.199999495602862,3.442895921002627
1.3949999999999922,0,27.913585157378463,3.00117458775008,0.03295238665385581,-0.17826859946486787,-0.2829205605750794,-1.7325272059408052,0.19577279278498577,driving,1.1999994992419403,5.208361583223304
1.3999999999999921,0,28.6750864436469,3.002321869275586,0.03141041881430219,-0.18356345093321877,-0.31487132493631453,-1.5692377063845666,0.19561574069091425,driving,1.1999995020039826,6.999480075314691
1.404999999999992,0,29.38776686392893,3.0039455976998997,0.029715417288233296,-0.1880799207849845,-0.34555468924695426,-1.414743289936472,0.19546716360447308,driving,1.199999504685663,8.805434560094067
1.409999999999992,0,30.031021356333987,3.005548861900611,0.027876581356264016,-0.1918536928157005,-0.3743636605094839,-1.2658363019058898,0.19532778069769177,driving,1.1999995067901443,10.6145379818818
1.4149999999999918,0,30.622555798201,3.0077596360365373,0.025899735488282796,-0.19492307988652763,-0.4019652457399101,-1.122654067514637,0.19519828202025036,driving,1.199999509896698,12.401282017682526
1.4199999999999917,0,31.18298538523446,3.009811432983005,0.023787452513150172,-0.19733088868810109,-0.4290310858663121,-0.9861008680371364,0.1950793447576846,driving,1.1999995138778936,14.171188098966944
1.4249999999999916,0,31.68187793999774,3.0107180954987784,0.021550114313489677,-0.19911751978141937,-0.45401322872885314,-0.8567933252898474,0.19497159418611715,driving,1.1999995156128687,15.911446299542243
1.4299999999999915,0,32.14102770784213,3.011458749434947,0.019192954340537766,-0.20032080467090965,-0.4779401110975562,-0.7334834469002023,0.19487562941441447,driving,1.199999517058441,17.601545261185954
1.4349999999999914,0,32.538185600376586,3.0122146643200964,0.01672670531743202,-0.2009777073732514,-0.4997022885453893,-0.6163351492588158,0.1947919958878273,driving,1.199999517870154,19.24145501002792
1.4399999999999913,0,32.90561742295893,3.013409408038308,0.014153852072502476,-0.20111398679938977,-0.5209538130170359,-0.5031399343328602,0.1947212266274648,driving,1.1999995192751205,20.813679758317665
1.4449999999999912,0,33.227785063043754,3.0145402173285465,0.011481352977585853,-0.20076096792586862,-0.5408008087617853,-0.3947681907965344,0.19466381986257686,driving,1.199999521526529,22.3209660425341
1.449999999999991,0,33.50867554471776,3.0157487689649303,0.008715700051042405,-0.19994929177695484,-0.559334792125238,-0.29126690438978114,0.19462024136232164,driving,1.1999995243262918,23.74566278755301
1.454999999999991,0,33.76112331240806,3.016803059333871,0.005860241442008529,-0.19870179221450587,-0.5771958396097284,-0.19162950586153898,0.1945909401551116,driving,1.1999995265348955,25.08295259102016
1.4599999999999909,0,33.95912508008642,3.017589119332089,0.002925630785142099,-0.1970503935743407,-0.5929125185754954,-0.09767373757724462,0.19457631200118589,driving,1.1999995276936628,26.195481129768755
1.4649999999999908,0,34.14187879785827,3.0186403084924702,-8.74754649771444e-05,-0.195016029022146,-0.6084873971861697,-0.00698242574567437,0.19457674937851077,driving,1.1999995287513305,27.07914564153362
1.4699999999999906,0,34.29730909842571,3.019234938566227,-0.0031748835723255184,-0.1926219183158084,-0.6232258878400924,0.07976915649779284,0.1945926237963724,driving,1.199999529537698,27.913585157378463
1.4749999999999905,0,34.3967118032656,3.0194231285809296,-0.00632539360477206,-0.18989375497473623,-0.6357176851450314,0.1620051567548168,0.19462425076439627,driving,1.1999995297470005,28.6750864436469
1.4799999999999904,0,34.48356972112498,3.019888127889695,-0.009538829192663034,-0.18684638559712452,-0.6481695478883068,0.2420810034481659,0.19467194491035958,driving,1.1999995302273354,29.38776686392893
1.4849999999999903,0,34.54802145487039,3.0202457722432374,-0.012811071113596082,-0.18350806179598436,-0.6597966927801714,0.3179897906934231,0.19473600026592755,driving,1.199999532691038,30.031021356333987
1.4899999999999902,0,34.56730685586012,3.0198069818033626,-0.016134316283175524,-0.17988505202037092,-0.6698787887998654,0.3920204712046597,0.19481667184734341,driving,1.1999995331873192,30.622555798201
1.4949999999999901,0,34.56070394007606,3.019584250060542,-0.019503222903138825,-0.17600501444274563,-0.6788865906823798,0.46166120416097944,0.1949141879618591,driving,1.1999995342549021,31.18298538523446
1.49999999999999,0,34.52931456833431,3.019567962819973,-0.022913195781502287,-0.17188740228650834,-0.6869701843274082,0.5280870342011269,0.19502875394076663,driving,1.1999995358078013,31.68187793999774
1.50499999999999,0,34.468223590759635,3.0193600859830436,-0.0263599460210104,-0.1675344567924394,-0.6941985448578395,0.5934800358310445,0.19516055367087168,driving,1.1999995355979034,32.14102770784213
1.5099999999999898,0,34.39036294390141,3.019377686131278,-0.029839789273827803,-0.1629723911196088,-0.7006764289381958,0.6547138556816573,0.19530975261724082,driving,1.1999995361052267,32.538185600376586
1.5149999999999897,0,34.29763936135625,3.019137993956108,-0.0333515203962275,-0.15820553884938157,-0.7069144340332711,0.7151925764622922,0.19547651021922197,driving,1.1999995363875269,32.90561742295893
1.5199999999999896,0,34.159754650687816,3.018439652977054,-0.03688519822115182,-0.15325172702374423,-0.71116034021839,0.7720403880023345,0.19566093621032773,driving,1.1999995359491327,33.227785063043754
1.5249999999999895,0,34.035151369766325,3.0179678510052588,-0.040445569144822204,-0.14812088039597543,-0.7163506575015721,0.8280891447075998,0.19586316405605184,driving,1.1999995368096588,33.50867554471776
1.5299999999999894,0,33.853249219275796,3.016679604397071,-0.044020001402666216,-0.14282519757414713,-0.7190211460494745,0.881009069362117,0.19608326406306517,driving,1.1999995366681577,33.76112331240806
1.5349999999999893,0,33.66183469722961,3.0157971169622595,-0.04760685425273707,-0.13738128222064727,-0.7213528290770348,0.9314392459155744,0.19632129833432885,driving,1.1999995372280643,33.95912508008642
1.5399999999999892,0,33.46168150176812,3.014793444336894,-0.05120561106120743,-0.13179264066775503,-0.7235823844772885,0.9810369673474719,0.19657732638963488,driving,1.199999537391963,34.14187879785827
1.544999999999989,0,33.23677663005961,3.013486403864402,-0.05481058118616232,-0.12607591611076097,-0.7246717005400757,1.027593663751583,0.19685137929556568,driving,1.1999995378569546,34.29730909842571
1.549999999999989,0,32.99250674697576,3.0121533869014616,-0.058417783617282025,-0.12024255017217406,-0.7249611825190859,1.072058426292069,0.19714346821365208,driving,1.1999995385778788,34.3967118032656
