# time, goalRoll, Torque, speed, roll, steer, rollrate, steerrate, intE, fsmstate, kickangle, Tdelayed
0.005,0,0.015039513970363244,108.71477026524435,-3.871068285548855e-06,1.906434615390377e-05,-0.0007732427835454329,0.0003686426767796087,1.9355341427744273e-08,driving,1.0999998498746328,0.015039513970363244
0.01,0,20.535652675486833,1.9463070264663953,-0.2327829540360869,0.00238358819157783,-0.0052891167127123865,0.5491442526160348,0.0011639341255218622,driving,1.1050001417822477,20.535652675486833
0.015,0,27.89997184555932,2.340728563452618,-0.23457180187057988,0.004313984835445256,-0.3699027562579455,0.8125705120178988,0.0023367931348747617,driving,1.1097497688804565,27.89997184555932
0.02,0,25.358802741721544,2.539014150697982,-0.23594967833609043,0.007725216057606844,-0.2896368954255364,1.030658646936606,0.003516541526555214,driving,1.114262131709627,25.358802741721544
0.025,0,22.1496604976487,2.6512360353418116,-0.2368207818881843,0.012768593529366542,-0.18786562658526632,1.2546715740056644,0.004700645435996136,driving,1.118548911086768,22.1496604976487
0.030000000000000002,0,19.02458515062191,2.7463774168549873,-0.23725436142612658,0.019465917137631898,-0.09895594781991152,1.490556526930471,0.005886917243126769,driving,1.1226213878297107,19.02458515062191
0.035,0,16.418204286677394,2.8443135347743165,-0.23741286483426027,0.02774567474471397,-0.04165661972110582,1.7396108569111213,0.0070739815672980705,driving,1.1264902743829617,16.418204286677394
0.04,0,14.221020772341486,2.9349960893678877,-0.23742169171409144,0.03752027565685035,-0.009340053023439219,1.995311838819571,0.008261090025868528,driving,1.1301657357346258,14.221020772341486
0.045,0,12.293298726286515,2.9843624484164897,-0.2373614573811431,0.04867901344133414,0.006382861838882975,2.2469179832870423,0.009447897312774244,driving,1.133657431588871,12.293298726286515
0.049999999999999996,0,10.462714980848276,2.998382419002023,-0.23726901814469634,0.06113149337157175,0.014145717975754934,2.49113279069594,0.010634242403497727,driving,1.1369745386038792,10.462714980848276
0.05499999999999999,0,8.72691354439389,3.004526789556224,-0.23718484721112526,0.07482452048260843,0.013659200598735115,2.7338429682927106,0.011820166639553353,driving,1.140125790335131,8.72691354439389
0.05999999999999999,0,7.511132170114831,3.0272020978944205,-0.23723277605118304,0.08960044709274327,-0.012697860397988103,2.971007237671058,0.013006330519809269,driving,1.1431194434911929,7.511132170114831
0.06499999999999999,0,6.219832111568541,3.0309702288816203,-0.23740646877030422,0.1054186939139611,-0.03731795631923653,3.1975404227438,0.01419336286366079,driving,1.1459634376168268,6.219832111568541
0.06999999999999999,0,4.270332558387855,3.0312068708874156,-0.2375685823953758,0.12235179026589214,-0.03497671866902947,3.4145824456566842,0.015381205775637669,driving,1.1486652337540333,4.270332558387855
0.075,0,2.2200658239955775,3.0321609611635516,-0.23771561795448876,0.1404021654721672,-0.03196595257289657,3.6312471686444017,0.016569783865410113,driving,1.1512319413393861,2.2200658239955775
0.08,0,0.08305020845118527,3.0339552659136206,-0.23784770551566614,0.1595692819412974,-0.02896977449711728,3.8479632223861455,0.017759022392988443,driving,1.1536703150520893,0.08305020845118527
0.085,0,-1.4466827017274326,3.0364476937736913,-0.23796938355931266,0.17877653158972126,-0.026708904233384866,3.8551639440617125,0.018948869310785005,driving,1.155986771582318,-1.4466827017274326
0.09000000000000001,0,-2.279376107264545,3.039563731373499,-0.23808510393922547,0.19693654908081484,-0.025193324163776846,3.6508011353497865,0.020139294830481134,driving,1.1581874067483562,-2.279376107264545
0.09500000000000001,0,-2.967032244193078,3.0433897800071272,-0.23819543853117986,0.21394950019054296,-0.023802145941007595,3.4271123552160097,0.02133027202313703,driving,1.1602780116318108,-2.967032244193078
0.10000000000000002,0,-3.564721624098425,3.047957648415868,-0.23830076867638691,0.2298150624988202,-0.022514625146301752,3.203347605455172,0.022521775866518965,driving,1.1622640876761505,-3.564721624098425
0.10500000000000002,0,-4.07233390031989,3.0532742888038342,-0.2384014571999741,0.24453272337712412,-0.02132666649608573,2.979460389195685,0.023713783152518837,driving,1.1641508612378277,-4.07233390031989
0.11000000000000003,0,-4.490129783027803,3.05934055522056,-0.23849784746162406,0.2581022861586055,-0.02023376117352449,2.7555227625370007,0.024906272389826956,driving,1.1659432973588366,-4.490129783027803
0.11500000000000003,0,-2.312975251271995,3.080288724859612,-0.23917884279678564,0.2702864375087394,-0.13635196380446973,2.591972203821782,0.026102166603810883,driving,1.1676460774140485,-2.312975251271995
0.12000000000000004,0,-1.9892646669684275,3.101530336869981,-0.2399946219297797,0.28142043954411355,-0.163376856756239,2.4169292673671303,0.02730213971345978,driving,1.1692637068068648,-1.9892646669684275
0.12500000000000003,0,-1.7359041019892159,3.1247704735996815,-0.24090599752675362,0.29152068105822615,-0.1824612711561915,2.235480901739088,0.02850666970109355,driving,1.170800468595158,-1.7359041019892159
0.13000000000000003,0,-8.356054699323698,3.0647060291822084,-0.23929644804755676,0.29159793159775343,0.32536324157097923,0.5504747262997449,0.029703151941331333,driving,1.172260268137577,-8.356054699323698
0.13500000000000004,0,-15.696565549639685,3.060394922181084,-0.2359189748436772,0.2899395329833535,0.6792931318005695,0.3167778919553918,0.03088274681554972,driving,1.1736471169031781,-15.696565549639685
0.14000000000000004,0,-17.587377854283297,3.0842493656083945,-0.23205437923319666,0.2874748699639932,0.7769968775025144,0.17547813753968083,0.03204301871171571,driving,1.1749646887532668,-17.587377854283297
0.14500000000000005,0,-16.651653245388903,3.0963469553881544,-0.22825880797851683,0.283833507954114,0.7641505385007481,-0.06234190076327539,0.03318431275160829,driving,1.176216422706855,-16.651653245388903
0.15000000000000005,0,-14.70807263612993,3.0962989715462803,-0.224743241223024,0.27909758428225256,0.7093219496329085,-0.2884679531183317,0.03430802895772341,driving,1.1774055924745124,-14.70807263612993
0.15500000000000005,0,-13.614487834225114,3.0932842088753825,-0.22123513720156454,0.27279062550626315,0.7091894089158629,-0.600549737157094,0.03541420464373123,driving,1.178535303428919,-13.614487834225114
0.16000000000000006,0,-10.0077998952191,3.051255198360231,-0.2182676780616481,0.26450681718967384,0.602477701674934,-0.8921300620758368,0.036505543034039474,driving,1.1796085156815168,-10.0077998952191
0.16500000000000006,0,-8.583919297351457,3.0103216281829193,-0.21530380511369074,0.25461907758982716,0.6020056717717667,-1.203024427237894,0.03758206205960793,driving,1.1806280489093655,-8.583919297351457
0.17000000000000007,0,-7.350269885175996,3.008217156400124,-0.2122903035987793,0.2433119882750946,0.6115941232903331,-1.4893843216029505,0.038643513577601825,driving,1.1815966150053405,-7.350269885175996
0.17500000000000007,0,-6.046345234772442,3.0188030064743177,-0.20922494262709135,0.2306358899550981,0.6213349880707447,-1.766785984971828,0.03968963829073728,driving,1.182516759650911,-6.046345234772442
0.18000000000000008,0,-2.8535782757569583,3.0215082127637687,-0.20694062967965549,0.22016798863940815,0.4632642964687097,-1.4335002931729046,0.04072434143913556,driving,1.1833909029845966,-2.8535782757569583
0.18500000000000008,0,-0.7201472883457907,3.015442988430348,-0.20499231424152858,0.21009381899541976,0.39506440499424905,-1.4312461037030313,0.0417493030103432,driving,1.1842213267122652,-0.7201472883457907
0.19000000000000009,0,0.6327106410143273,3.007165524108862,-0.2032198152472349,0.20030186904613315,0.35950851639276304,-1.411981494076709,0.04276540208657938,driving,1.1850102293790987,0.6327106410143273
0.1950000000000001,0,1.287722226256593,2.9992856054167483,-0.20158297803743827,0.1915258594564226,0.3322181322025889,-1.235019263728808,0.04377331697676657,driving,1.1857596906484935,1.287722226256593
0.2000000000000001,0,1.5144980911842918,2.993575825046248,-0.2000471259458908,0.18405991159031546,0.3119801279409986,-0.9947821159863701,0.04477355260649602,driving,1.1864716808680904,1.5144980911842918
0.2050000000000001,0,1.5015100667114658,2.990715571721534,-0.1985970508781405,0.17802630649852313,0.29477574429255454,-0.7300544768594586,0.045766537860886726,driving,1.1871480715928202,1.5015100667114658
0.2100000000000001,0,1.354057459170408,2.991147428257793,-0.1972092566544482,0.17328419000291537,0.28227811784544393,-0.4878819211572847,0.04675258414415897,driving,1.1877906426356926,1.354057459170408
0.2150000000000001,0,1.1095073283841066,2.993138026620223,-0.1958507647855826,0.16957436131504725,0.27641006108919675,-0.29039970773642565,0.04773183796808688,driving,1.1884010829015241,1.1095073283841066
0.2200000000000001,0,0.8929931423742183,2.9952316950077345,-0.19451835573031515,0.16669953472734367,0.271165122391791,-0.12944841962309028,0.048704429746738456,driving,1.1889810004361099,0.8929931423742183
0.22500000000000012,0,0.6841969788014515,2.9967775295449117,-0.19319920874398464,0.16444445548690134,0.2685113535326418,-0.007776307931218668,0.049670425790458377,driving,1.1895319212427065,0.6841969788014515
0.23000000000000012,0,0.5370541990831287,2.997012832931032,-0.19189882770646888,0.1626813375978396,0.26474266612800024,0.08821752751839329,0.05062991992899072,driving,1.1900552971621718,0.5370541990831287
0.23500000000000013,0,0.406138844959807,2.996389420544681,-0.1906105054888347,0.1612749833633882,0.2623468461855566,0.15854903490430758,0.051582972456434895,driving,1.1905525054934116,0.406138844959807
0.24000000000000013,0,0.2732972945047236,2.9944771030443826,-0.1893276022975924,0.16014309288816478,0.2612987937872208,0.21180168588930165,0.05252961046792286,driving,1.1910248528698586,0.2732972945047236
0.24500000000000013,0,0.1899473144536118,2.992164298448807,-0.1880554969534167,0.15921860466686547,0.25917659504598367,0.250757788919583,0.05346988795268994,driving,1.191473583525691,0.1899473144536118
0.2500000000000001,0,0.10771907923895452,2.9899158670270674,-0.18678812864874733,0.15843037928858625,0.25829398250463526,0.27609285121629035,0.05440382859593368,driving,1.191899877250746,0.10771907923895452
0.2550000000000001,0,0.0482972242928974,2.9878054913045373,-0.18552792495983148,0.1577499893190549,0.2569114267763162,0.294571408535894,0.055331468220732836,driving,1.1923048557453098,0.0482972242928974
0.2600000000000001,0,0.026848550595270915,2.986566327290044,-0.18427873844835552,0.15713006116938222,0.2547582934546633,0.30437869595612654,0.056252861912974614,driving,1.19268958635656,0.026848550595270915
0.2650000000000001,0,-0.027274850353552704,2.985491623691085,-0.1830308588113557,0.1565466784161784,0.2545475967158691,0.3095081506424283,0.057168016207031394,driving,1.1930550789845817,-0.027274850353552704
0.27000000000000013,0,-0.02653483405052881,2.9847165204716593,-0.18179325546697966,0.15597072983329385,0.25253556485165046,0.3094936862794118,0.05807698248436629,driving,1.1934022981787538,-0.02653483405052881
0.27500000000000013,0,-0.04504761747538266,2.9837974166763526,-0.18055988791603544,0.15538737335310418,0.2517445696016111,0.307026139779882,0.05897978192394647,driving,1.1937321563624983,-0.04504761747538266
0.28000000000000014,0,-0.04224609079741748,2.9825823238817546,-0.17933550152022298,0.15480134789419864,0.2499944023986755,0.3048779287985974,0.05987645943154758,driving,1.1940455224609647,-0.04224609079741748
0.28500000000000014,0,-0.03878408470019579,2.9814104533739774,-0.17812036957315674,0.15421708658348587,0.24818130252241283,0.30319079509436425,0.060767061279413365,driving,1.1943432209145566,-0.03878408470019579
0.29000000000000015,0,-0.05618236867016879,2.9804002571529167,-0.1769110781266587,0.15364923946795309,0.24702440814756224,0.30338075577786583,0.061651616670046656,driving,1.194626033682154,-0.05618236867016879
0.29500000000000015,0,-0.06583572807729254,2.979818063989275,-0.17570578368702613,0.15306267433656903,0.2462535821860426,0.29842540556538233,0.06253014558848179,driving,1.1948947056060577,-0.06583572807729254
0.30000000000000016,0,-0.05877696212690675,2.9790744753607803,-0.17450888966076342,0.15246704602296204,0.24459109805037885,0.2950324457416757,0.0634026900367856,driving,1.1951499446258946,-0.05877696212690675
0.30500000000000016,0,-0.07198410006817213,2.9781002212770358,-0.1733151044102029,0.15185657059565458,0.24400138952847758,0.2908653040168472,0.06426926555883661,driving,1.1953924212965068,-0.07198410006817213
0.31000000000000016,0,-0.08287732787060254,2.9769057473565637,-0.17212641041958415,0.1512510702878774,0.24298722782957302,0.28916599920169195,0.06512989761093453,driving,1.1956227735566718,-0.08287732787060254
0.31500000000000017,0,-0.06616156467084311,2.976334127114656,-0.17094739767294145,0.150637097576471,0.2410495233666855,0.2854523125244061,0.06598463459929924,driving,1.1958416092804214,-0.06616156467084311
0.3200000000000002,0,-0.077273867883497,2.975848310157503,-0.1697714085851364,0.1500095780128668,0.24045966374481745,0.2814331379241831,0.06683349164222492,driving,1.1960495029765839,-0.077273867883497
0.3250000000000002,0,-0.07124040982714708,2.975194848042998,-0.16860262650635716,0.14937538610756596,0.2390251034547832,0.27835525664528143,0.0676765047747567,driving,1.1962470026399936,-0.07124040982714708
0.3300000000000002,0,-0.06520418833080832,2.97466996961809,-0.16744133740786074,0.14873976137419812,0.23752684002260507,0.27600672168627016,0.06851371146179601,driving,1.1964346278655502,-0.06520418833080832
0.3350000000000002,0,-0.08039520215567353,2.9743875455911106,-0.1662840948134617,0.14811763944205603,0.23669246484944909,0.2756278076830233,0.06934513193586332,driving,1.1966128709894939,-0.08039520215567353
0.3400000000000002,0,-0.08680009144672785,2.974609026134369,-0.16512965835122428,0.14747658515711057,0.2361254720747001,0.2706340156634045,0.07017078022761944,driving,1.1967822017406307,-0.08680009144672785
0.3450000000000002,0,-0.09827293726972663,2.9747376257142255,-0.1639785223620041,0.1468374216497496,0.23542862440130657,0.26842647183743346,0.07099067283942946,driving,1.1969430654338526,-0.09827293726972663
0.3500000000000002,0,-0.08039909051477534,2.9754069868068815,-0.16283538699772646,0.14618457490673462,0.23378455121594932,0.2638650922660055,0.07180484977441809,driving,1.197095887093855,-0.08039909051477534
0.3550000000000002,0,-0.0737730222380254,2.9760502947853538,-0.1616966032477487,0.14550499713200551,0.23290300856014887,0.25816224180113717,0.07261333279065683,driving,1.1972410686589026,-0.0737730222380254
0.3600000000000002,0,-0.08941504848159021,2.975901300178998,-0.16056027863614863,0.14483376320314417,0.23237280540741448,0.2573517657302019,0.07341613418383758,driving,1.1973789901312977,-0.08941504848159021
0.3650000000000002,0,-0.07959868594256336,2.9762851656558906,-0.15943050663152802,0.14415775741842918,0.23101922014984658,0.2543040844311175,0.07421328671699522,driving,1.1975100162436632,-0.07959868594256336
0.3700000000000002,0,-0.09398010486852326,2.977033379746055,-0.15830343531413077,0.14349404093107285,0.23041082640006114,0.25362458586469383,0.07500480389356587,driving,1.1976344903442562,-0.09398010486852326
0.3750000000000002,0,-0.0986507651929468,2.978264223791228,-0.15717800385803313,0.14280992775566106,0.2300338673274022,0.24828706635006081,0.07579069391285603,driving,1.1977527406531696,-0.0986507651929468
0.3800000000000002,0,-0.08846357468065302,2.9793455122632224,-0.1560580818306229,0.14211370453849093,0.22887446389234142,0.24430272485835675,0.07657098432200915,driving,1.197865079219389,-0.08846357468065302
0.38500000000000023,0,-0.08042101399455848,2.9804286748541795,-0.15494376970187002,0.14141334541736886,0.22768784597766664,0.24153299322219335,0.0773457031705185,driving,1.197971801467195,-0.08042101399455848
0.39000000000000024,0,-0.1130815236119953,2.981384210614255,-0.15382641670302924,0.14071426926571617,0.22822880188550834,0.23940099748249394,0.07811483525403365,driving,1.1980731858549778,-0.1130815236119953
0.39500000000000024,0,-0.09882703816798499,2.9826480901484236,-0.15271450412503745,0.14000017237090345,0.22706919008995505,0.2345835537128103,0.07887840777465883,driving,1.1981695020432943,-0.09882703816798499
0.40000000000000024,0,-0.0866074673963173,2.9840776530329824,-0.1516082175852654,0.1392789760696915,0.22586713670252528,0.2311396802419639,0.07963644886258517,driving,1.198261003247887,-0.0866074673963173
0.40500000000000025,0,-0.09718514912687315,2.985393952597435,-0.15050212209191713,0.1385462046911953,0.22576884424712285,0.2273854691187647,0.08038895947304475,driving,1.1983479289640122,-0.09718514912687315
0.41000000000000025,0,-0.0922029251149592,2.986500369148091,-0.149400016496478,0.1378080498521522,0.22490624716239727,0.2243648083757574,0.08113595955552715,driving,1.1984305089090215,-0.0922029251149592
0.41500000000000026,0,-0.12083771592421721,2.9874788572992372,-0.14829479255882086,0.13707002732424758,0.2254652360992238,0.22191134937966336,0.08187743351832125,driving,1.1985089581903112,-0.12083771592421721
0.42000000000000026,0,-0.10418980109645493,2.988847901508183,-0.14719471788860267,0.13631730146439905,0.2243686914846635,0.21697709254171274,0.08261340710776426,driving,1.1985834860892002,-0.10418980109645493
0.42500000000000027,0,-0.08975443440258635,2.990459143792293,-0.14609998497050505,0.13555789367608015,0.22323029268656408,0.2134529255187722,0.08334390703261678,driving,1.1986542884579567,-0.08975443440258635
0.43000000000000027,0,-0.09968175116977218,2.992205898928976,-0.14500686983955222,0.13480992740637399,0.22281670708779983,0.21250507885802983,0.08406894138181455,driving,1.198721550041363,-0.09968175116977218
0.4350000000000003,0,-0.09704101722688663,2.994568200855074,-0.1439155307269963,0.1340447357855951,0.22238326753910084,0.20777264109235014,0.08478851903544952,driving,1.1987854477870004,-0.09704101722688663
0.4400000000000003,0,-0.09170118333173793,2.9965279490685934,-0.1428274048013451,0.1332736433914289,0.2216567466806566,0.20460403040759545,0.08550265605945626,driving,1.1988461523973364,-0.09170118333173793
0.4450000000000003,0,-0.10386448664980386,2.9979185752684283,-0.14173810569447007,0.13249244830945361,0.22182271341832865,0.2008278876386687,0.0862113465879286,driving,1.198903821382214,-0.10386448664980386
0.4500000000000003,0,-0.0975554519255949,2.998914193685054,-0.1406520219242291,0.1317066727438603,0.22110972295612905,0.19760644411878875,0.08691460669754975,driving,1.1989586074177594,-0.0975554519255949
0.4550000000000003,0,-0.10789692190018096,2.9997326360374124,-0.13956539748723487,0.13091473759092803,0.22116604235774903,0.19435269950680295,0.08761243368498592,driving,1.199010653647171,-0.10789692190018096
0.4600000000000003,0,-0.11328626260499197,3.000391230203203,-0.13848037841703054,0.13012968409086917,0.2207811560477831,0.19260779244861448,0.08830483557707107,driving,1.1990600968801512,-0.11328626260499197
0.4650000000000003,0,-0.11318852372619226,3.0014854478742135,-0.13739649091181888,0.12933297685676998,0.22050919431738367,0.18836587021842,0.08899181803163017,driving,1.199107067970347,-0.11318852372619226
0.4700000000000003,0,-0.11674503842521233,3.0025004444111025,-0.1363143102087474,0.1285414082043483,0.22010692911808435,0.1862786320337514,0.0896733895826739,driving,1.1991516901790127,-0.11674503842521233
0.4750000000000003,0,-0.11432663513362906,3.0038134905992937,-0.13523327553271094,0.12773527028254905,0.21983239365051893,0.18148372498105952,0.09034955596033746,driving,1.199194081579527,-0.11432663513362906
0.4800000000000003,0,-0.09944913171609737,3.0048993327073585,-0.13415665873285867,0.12692163677106055,0.21890157736160887,0.1777340718306068,0.09102033925400176,driving,1.1992343544247683,-0.09944913171609737
0.4850000000000003,0,-0.08871942455785459,3.0059117149301335,-0.133084526929446,0.12611078854851332,0.21795499783265038,0.17558344286304284,0.09168576188864899,driving,1.1992726143837515,-0.08871942455785459
0.4900000000000003,0,-0.08311320540651601,3.0069152697404866,-0.13201640624202352,0.12530812443429548,0.21710247969628,0.1743520392695432,0.09234584391985912,driving,1.1993089617816113,-0.08311320540651601
0.49500000000000033,0,-0.09891215455981567,3.0076751341535695,-0.13094687424975543,0.12450458484832157,0.21735117990915173,0.1719890483091575,0.09300057829110789,driving,1.1993434910716032,-0.09891215455981567
0.5000000000000003,0,-0.1238922973550462,3.0077855666550883,-0.12987460556961364,0.123706092228538,0.217867962209253,0.1704944406493738,0.09364995131895595,driving,1.1993762920466087,-0.1238922973550462
0.5050000000000003,0,-0.12743479420211717,3.007770367302484,-0.12880283713750465,0.12289771962386105,0.21775212020908602,0.16665447882079382,0.09429396550464347,driving,1.199407453014109,-0.12743479420211717
0.5100000000000003,0,-0.11475439582027819,3.0075257240594664,-0.12773549225875333,0.12208593702055393,0.2168521003014325,0.16342453278368863,0.09493264296593724,driving,1.1994370569765336,-0.11475439582027819
0.5150000000000003,0,-0.10180761654701659,3.0073554587376163,-0.12667322588747024,0.12127741732668419,0.21582236071132396,0.16113564435946043,0.09556600909537459,driving,1.1994651815828523,-0.10180761654701659
0.5200000000000004,0,-0.12152113726077085,3.007062261085713,-0.12560945226592238,0.12047625088794096,0.21611575289710824,0.15969842002690188,0.09619405635670421,driving,1.1994918983685703,-0.12152113726077085
0.5250000000000004,0,-0.1076731839774287,3.0070164252505713,-0.1245506003564529,0.11967299544493432,0.2151221884966254,0.15666931638398016,0.09681680935848647,driving,1.1995172802852896,-0.1076731839774287
0.5300000000000004,0,-0.09795299241123923,3.0070523361758865,-0.12349645730099743,0.11887447506600979,0.21416887660825468,0.15474465913363258,0.09743429164499146,driving,1.1995413938607131,-0.09795299241123923
0.5350000000000004,0,-0.10989760483919914,3.006817164289341,-0.12244194057796091,0.11807514247606894,0.21424745310017723,0.1523521732324682,0.09804650134788126,driving,1.1995643012394515,-0.10989760483919914
0.5400000000000004,0,-0.10423197599144857,3.00617942286608,-0.12139142760824471,0.11728007037628126,0.21344896876877342,0.15058306939451935,0.09865345848592248,driving,1.1995860636449533,-0.10423197599144857
0.5450000000000004,0,-0.1279285389422326,3.005224402240418,-0.1203390794223701,0.11649438643571904,0.21382182193783494,0.1496279842113759,0.09925515388303434,driving,1.1996067361662148,-0.1279285389422326
0.5500000000000004,0,-0.13396811390299374,3.0042176186350176,-0.11928750641686515,0.11570358482116978,0.2136861864444656,0.1465627235179159,0.09985159141511867,driving,1.199626375016525,-0.13396811390299374
0.5550000000000004,0,-0.12289652888871877,3.002970671726207,-0.11824061809218336,0.11491154307100647,0.21276744656079835,0.1437337180252236,0.10044279450557958,driving,1.199645032860166,-0.12289652888871877
0.5600000000000004,0,-0.11243632275780563,3.001760697431471,-0.11719869750612569,0.11412331923931478,0.21179160722610402,0.14156734133985283,0.10102878799311021,driving,1.1996627585530597,-0.11243632275780563
0.5650000000000004,0,-0.10571931302341431,3.0006874502217986,-0.11616132643340807,0.11334199176278514,0.21089959529371582,0.13996514803319535,0.10160959462527726,driving,1.1996795983917343,-0.10571931302341431
0.5700000000000004,0,-0.11530653976248412,2.999721983683156,-0.11512609242111606,0.11257843294794888,0.21047686035830157,0.13994560678437312,0.10218522508738284,driving,1.199695595258199,-0.11530653976248412
0.5750000000000004,0,-0.12376781267858522,2.9990301795074616,-0.1140914775195662,0.11181122404178766,0.21037216374592374,0.13711974017823303,0.10275568247498067,driving,1.199710791865324,-0.12376781267858522
0.5800000000000004,0,-0.14948526521397598,2.997791914537267,-0.11305462515779764,0.11104911130113672,0.21083681456115477,0.13566067961062872,0.10332095560076965,driving,1.1997252270535044,-0.14948526521397598
0.5850000000000004,0,-0.12434897410583268,2.996572324327056,-0.11202468657340611,0.11027327110795614,0.209478633752509,0.13111094295750436,0.10388107903363668,driving,1.1997389427785374,-0.12434897410583268
0.5900000000000004,0,-0.11945558755695229,2.994904928732315,-0.11099903566920749,0.10950334598907359,0.20864304269252698,0.12953033247258905,0.10443607421198271,driving,1.1997519731336213,-0.11945558755695229
0.5950000000000004,0,-0.12897741955144282,2.9932442747628056,-0.10997548177126541,0.10874965194912756,0.20823298372083784,0.1292532021467149,0.10498595162083904,driving,1.1997643509978473,-0.12897741955144282
0.6000000000000004,0,-0.1384952807513486,2.9919716182937033,-0.10895252147459365,0.10799339540803672,0.20813945202739037,0.12654642547359296,0.105530714228212,driving,1.1997761095783748,-0.1384952807513486
0.6050000000000004,0,-0.1341658818916126,2.990574762240993,-0.10793341865964394,0.10723752151059666,0.20738914552203477,0.12416544858698368,0.10607038132151023,driving,1.1997872807480932,-0.1341658818916126
0.6100000000000004,0,-0.14241010831930695,2.98919271899625,-0.1069162215650008,0.10649242744333834,0.20701304938645088,0.12298322746073298,0.10660496242933523,driving,1.1997978926340072,-0.14241010831930695
0.6150000000000004,0,-0.13262242792075474,2.9883586108636173,-0.10590358320505519,0.10574467609064245,0.20610390703177653,0.11977796835805511,0.10713448034536051,driving,1.1998079746722616,-0.13262242792075474
0.6200000000000004,0,-0.14304725799125279,2.9874247163333134,-0.10489125663993279,0.10499297256718994,0.20605710247235118,0.11702651677400734,0.10765893662856017,driving,1.1998175521515106,-0.14304725799125279
0.6250000000000004,0,-0.14033937922237272,2.9861390596538753,-0.10388233781233473,0.10424087185460908,0.20538583727560775,0.1146086555579272,0.10817834831762185,driving,1.1998266511790556,-0.14033937922237272
0.6300000000000004,0,-0.13701655749426506,2.9848280853663374,-0.10287705029303827,0.1034906087277085,0.20466642822155665,0.112365755957878,0.10869273356908704,driving,1.1998352956287157,-0.13701655749426506
0.6350000000000005,0,-0.14789865027014532,2.983650908012062,-0.10187313182660519,0.1027519329173118,0.20438435975503136,0.11136352542559391,0.10920209922822006,driving,1.1998435069182891,-0.14789865027014532
0.6400000000000005,0,-0.15685699287257943,2.9828629487968863,-0.10086956574798264,0.10200710631134116,0.2043207247458457,0.10811317446623543,0.10970644705695998,driving,1.1998513073125203,-0.15685699287257943
0.6450000000000005,0,-0.1520743627013506,2.981943014561754,-0.09986939992279628,0.10125802891605246,0.20364249051974734,0.10500906573194263,0.11020579405657396,driving,1.1998587182537759,-0.1520743627013506
0.6500000000000005,0,-0.1469756936099031,2.98106740808072,-0.09887273243894393,0.10050683172978174,0.20294088825878126,0.10209519493570801,0.11070015771876868,driving,1.1998657591296498,-0.1469756936099031
0.6550000000000005,0,-0.15534716291266493,2.980338679931351,-0.09787739543957287,0.09976308664528419,0.20265745427043355,0.10042585433360635,0.11118954469596654,driving,1.1998724470985944,-0.15534716291266493
0.6600000000000005,0,-0.14738191396085187,2.9802652647638284,-0.09688568890499248,0.09901389324140601,0.20191200205855067,0.09682324645274538,0.1116739731404915,driving,1.1998788013378756,-0.14738191396085187
0.6650000000000005,0,-0.14220443248676906,2.9803817335745233,-0.09589724959681536,0.09826155436116621,0.20123552398723057,0.09379963307679692,0.11215345938847558,driving,1.1998848382744483,-0.14220443248676906
0.6700000000000005,0,-0.15616419737217657,2.9802566827923522,-0.09490825887269791,0.09750679697247779,0.20133482552825493,0.09146149525979609,0.11262800068283907,driving,1.199890572647414,-0.15616419737217657
0.6750000000000005,0,-0.1668835436319654,2.9798051238008405,-0.09391997250159059,0.09675797623814957,0.20116534771967076,0.08988726606543965,0.11309760054534702,driving,1.1998960194081925,-0.1668835436319654
0.6800000000000005,0,-0.15890930884060997,2.979898493882719,-0.0929350665909547,0.09600269820247988,0.20045755762423897,0.08616962334658124,0.1135622758783018,driving,1.1999011946836735,-0.15890930884060997
0.6850000000000005,0,-0.15245186100028887,2.980240723138302,-0.09195328222652474,0.09524250633156678,0.19979873382350505,0.08278438921525809,0.11402204228943442,driving,1.19990611179047,-0.15245186100028887
0.6900000000000005,0,-0.14871177589117338,2.9806971656341426,-0.09097418799611172,0.09447951126058997,0.19922373487567663,0.07981159470912016,0.11447691322941499,driving,1.1999107833814622,-0.14871177589117338
0.6950000000000005,0,-0.1574098191349478,2.9812014291072315,-0.08999588203859143,0.0937228963667198,0.19901503018862238,0.07814103388531535,0.11492689263960794,driving,1.1999152203794852,-0.1574098191349478
0.7000000000000005,0,-0.16753988482488033,2.9820208504340426,-0.08901716832566428,0.0929605886004148,0.19905842356760164,0.0751059669295362,0.11537197848123626,driving,1.1999194352193687,-0.16753988482488033
0.7050000000000005,0,-0.16393886418054116,2.982639942937737,-0.08804081018138664,0.09219229895990655,0.19854469805747735,0.07178692737058068,0.11581218253214319,driving,1.1999234399017442,-0.16393886418054116
0.7100000000000005,0,-0.15901569357532533,2.983263031142697,-0.08706700211044052,0.09141931850333083,0.19798929349852135,0.06848908728344794,0.1162475175426954,driving,1.1999272448646283,-0.15901569357532533
0.7150000000000005,0,-0.16478922977350824,2.9839840773959865,-0.08609406422631916,0.09065006425303435,0.197757478541149,0.06629029021283377,0.11667798786382699,driving,1.1999308587460675,-0.16478922977350824
0.7200000000000005,0,-0.17293211300507655,2.9851064364961517,-0.08512075995302289,0.0898742934805621,0.19778604964249694,0.06301550481158401,0.1171035916635921,driving,1.19993429175455,-0.17293211300507655
0.7250000000000005,0,-0.1675628501125791,2.986092666151195,-0.08414965408752366,0.08909062270694038,0.197298655305679,0.05925837083553662,0.11752433993402972,driving,1.1999375537830959,-0.1675628501125791
0.7300000000000005,0,-0.1467335868613294,2.9873613752571964,-0.08318408728301215,0.0883032030066159,0.19612760827829964,0.05561916960429332,0.11794026037044478,driving,1.1999406541570923,-0.1467335868613294
0.7350000000000005,0,-0.16477904556566725,2.988786978880782,-0.08221646815922835,0.08751869385370925,0.19647875466564824,0.05356499499776621,0.11835134271124093,driving,1.1999435976334927,-0.16477904556566725
0.7400000000000005,0,-0.1751145541959769,2.9902584494794917,-0.08124801480741362,0.0867289138074807,0.1965970044028517,0.05069955592214022,0.118757582785278,driving,1.1999463936530075,-0.1751145541959769
0.7450000000000006,0,-0.154825259807329,2.991690522443568,-0.0802846554985146,0.08593245710992285,0.19551341964237307,0.04673591617750167,0.11915900606277056,driving,1.1999490514903075,-0.154825259807329
0.7500000000000006,0,-0.16163527717334308,2.9931718204419546,-0.07932102970839623,0.08513244935229287,0.19551434230968062,0.04388136660266023,0.11955561121131254,driving,1.1999515759971247,-0.16163527717334308
0.7550000000000006,0,-0.16751960374720187,2.9944077785144363,-0.07835790892130216,0.08433614575056364,0.19535028523340836,0.04184950050475959,0.11994740075591906,driving,1.1999539734160853,-0.16751960374720187
0.7600000000000006,0,-0.17402225058807952,2.9958934837562685,-0.07739463806207664,0.08353566418711963,0.1953285303224747,0.03899345044833788,0.12033437394622944,driving,1.199956250897926,-0.17402225058807952
0.7650000000000006,0,-0.1674800265539711,2.9971950249613433,-0.07643357636455346,0.08272879821773609,0.19483362577222887,0.035443966592595064,0.1207165418280522,driving,1.1999584152720613,-0.1674800265539711
0.7700000000000006,0,-0.1585510149033624,2.998527250035475,-0.07547510841475268,0.08191616131830128,0.194261656418474,0.03184793183909393,0.12109391737012597,driving,1.1999604720183665,-0.1585510149033624
0.7750000000000006,0,-0.1618012331567685,2.9999110544410565,-0.07451745044844432,0.08110786942387604,0.19403759767754863,0.029664782331237385,0.12146650462236819,driving,1.1999624252374994,-0.1618012331567685
0.7800000000000006,0,-0.1673722092817202,3.001592584799673,-0.07355970858008985,0.0802962909525124,0.19400383066426696,0.02685656173079294,0.12183430316526864,driving,1.1999642806417026,-0.1673722092817202
0.7850000000000006,0,-0.1611616705972976,3.003022977558389,-0.07260411006092109,0.07947982230239163,0.19352374257556149,0.02354611689849498,0.12219732371557324,driving,1.1999660439228854,-0.1611616705972976
0.7900000000000006,0,-0.154178438847864,3.0043591741238234,-0.07165091202168274,0.07866065569190253,0.19299201839620536,0.020468155276995248,0.12255557827568166,driving,1.1999677195716163,-0.154178438847864
0.7950000000000006,0,-0.16334515053887136,3.005428568169701,-0.07069752818183232,0.07784428030204908,0.19298879563813667,0.018825921776537843,0.12290906591659082,driving,1.1999693108628868,-0.16334515053887136
0.8000000000000006,0,-0.16823075051910105,3.006167484343184,-0.06974499001853254,0.07703377888709337,0.1927723418578624,0.017156210734881133,0.12325779086668348,driving,1.199970821781839,-0.16823075051910105
0.8050000000000006,0,-0.17397341985857606,3.007153502277636,-0.06879284448250844,0.0762233504000855,0.19265696327355078,0.014969661972412382,0.12360175508909603,driving,1.1999722571076865,-0.17397341985857606
0.8100000000000006,0,-0.16734918619698827,3.007963059066302,-0.06784312082023936,0.07540891325616055,0.1921362117205057,0.011739176140449059,0.12394097069319723,driving,1.1999736214525765,-0.16734918619698827
0.8150000000000006,0,-0.16650523896258684,3.0087240370683017,-0.06689489604111849,0.07459635480652703,0.19179294980836264,0.009091569297081534,0.12427544517340283,driving,1.1999749170701564,-0.16650523896258684
0.8200000000000006,0,-0.15519709891726413,3.010000686318202,-0.06594981121696855,0.0737792129483155,0.19112145150335424,0.00549543683849836,0.12460519422948768,driving,1.1999761488069898,-0.15519709891726413
0.8250000000000006,0,-0.1611510247634616,3.011030499383637,-0.06500509005900339,0.0729631428826154,0.19101479243095937,0.003503975731864145,0.1249302196797827,driving,1.1999773186309703,-0.1611510247634616
0.8300000000000006,0,-0.15690516431517923,3.011569290370648,-0.06406273932398414,0.07214733852158678,0.19050653378159702,0.0010844123683849127,0.12525053337640263,driving,1.1999784304313676,-0.15690516431517923
0.8350000000000006,0,-0.16675899885843543,3.01165686292479,-0.06312064984156239,0.07133774333932667,0.19043020454461426,5.5536108213238844e-05,0.12556613662561045,driving,1.1999794861339266,-0.16675899885843543
0.8400000000000006,0,-0.16410924495379636,3.0113872009260123,-0.062180982125780535,0.07053048980219655,0.18992342328763442,-0.002041159628487138,0.12587704153623935,driving,1.1999804894578652,-0.16410924495379636
0.8450000000000006,0,-0.18115105667395828,3.0108331040544245,-0.0612406705064978,0.06973486658133,0.19003407009121628,-0.002415134305964614,0.12618324488877183,driving,1.1999814409442826,-0.18115105667395828
0.8500000000000006,0,-0.17389961392721517,3.0105887416330575,-0.06030332352178047,0.06893621079679416,0.18942434154037455,-0.005581636650576496,0.12648476150638074,driving,1.1999823457630898,-0.17389961392721517
0.8550000000000006,0,-0.1646978074920771,3.0104781237553513,-0.05936906986123926,0.06813339519236124,0.188789607997227,-0.009079346855567424,0.12678160685568693,driving,1.1999832061055915,-0.1646978074920771
0.8600000000000007,0,-0.1739167017056996,3.0100268217776307,-0.05843711676950792,0.0673491888147137,0.18832219323770047,-0.0078681189780892,0.12707379243953446,driving,1.199984022631552,-0.1739167017056996
0.8650000000000007,0,-0.1761557604764257,3.0091744214368124,-0.05750537114157511,0.06655686343894673,0.18827208481376193,-0.012207659987855488,0.12736131929524233,driving,1.1999847979757996,-0.1761557604764257
0.8700000000000007,0,-0.16463231599323466,3.0089599179697593,-0.056576737918151446,0.06575585212029765,0.18763811480219492,-0.016546577653972896,0.1276442029848331,driving,1.1999855354997309,-0.16463231599323466
0.8750000000000007,0,-0.15539813696054697,3.0088729017611398,-0.05565131893580128,0.06495202734977831,0.18698174648623272,-0.019778848968420942,0.1279224595795121,driving,1.1999862366909813,-0.15539813696054697
0.8800000000000007,0,-0.1633231264548855,3.0083985733595235,-0.05472690552443994,0.06415528821957392,0.18677461239515064,-0.020682366742577327,0.12819609410713428,driving,1.1999869021703093,-0.1633231264548855
0.8850000000000007,0,-0.1682151820796184,3.0073992397389673,-0.0538042445876225,0.06336768237493436,0.18641120056386962,-0.02167807513560943,0.1284651153300724,driving,1.1999875334622343,-0.1682151820796184
0.8900000000000007,0,-0.17048541906322667,3.0065036802580116,-0.0528836731903504,0.06258238237615975,0.18599402007294408,-0.02320414566495188,0.12872953369602416,driving,1.199988134170818,-0.17048541906322667
0.8950000000000007,0,-0.17692235220336944,3.004816495602513,-0.051964807382970046,0.061806709842156554,0.18564770276890513,-0.02407537376139443,0.12898935773293901,driving,1.1999887038923793,-0.17692235220336944
0.9000000000000007,0,-0.1718742504189838,3.0035451665881507,-0.05104907708086673,0.061031168612762365,0.18501551973946528,-0.026710315045001515,0.12924460311834335,driving,1.1999892458046193,-0.1718742504189838
0.9050000000000007,0,-0.1806681463769893,3.0021660672895436,-0.05013436575557805,0.060260750065882045,0.18481507133336866,-0.02799372038179515,0.12949527494712124,driving,1.1999897601818768,-0.1806681463769893
0.9100000000000007,0,-0.1841420187265705,3.0004944119069887,-0.04922158570845025,0.05949511089192953,0.18442586330381097,-0.029796022013430748,0.12974138287566347,driving,1.1999902481017592,-0.1841420187265705
0.9150000000000007,0,-0.17689942242230494,2.9993508994011266,-0.04831208859399768,0.058725894747967355,0.18376518922641633,-0.03309939033226736,0.12998294331863347,driving,1.1999907124963543,-0.17689942242230494
0.9200000000000007,0,-0.17045582776984275,2.9983445064007084,-0.04740571452324612,0.0579538924496247,0.1831352550389763,-0.03623819664206729,0.1302199718912497,driving,1.1999911542556412,-0.17045582776984275
0.9250000000000007,0,-0.16575064031922376,2.9973056847078077,-0.046502317762396266,0.057181362188812916,0.18253326387374255,-0.03892504932584728,0.1304524834800617,driving,1.19999157421754,-0.16575064031922376
0.9300000000000007,0,-0.17654751770072827,2.9959029100701415,-0.04559986540507958,0.05641667355955772,0.18234505080645977,-0.0396108627457939,0.13068048280708708,driving,1.1999919723709085,-0.17654751770072827
0.9350000000000007,0,-0.18259884435845825,2.9941155424220582,-0.044699243444640054,0.05565978717728856,0.1819725451363647,-0.04073160547980301,0.13090397902431028,driving,1.1999923496233182,-0.18259884435845825
0.9400000000000007,0,-0.1783653830475791,2.9928430173750495,-0.043801757734097835,0.05490236738006088,0.18133742182814722,-0.04335595380355344,0.13112298781298076,driving,1.19999270872384,-0.1783653830475791
0.9450000000000007,0,-0.1872733694896329,2.9914460374062095,-0.04290550250290917,0.05415009962341697,0.18109018645970076,-0.044525993560337325,0.1313375153254953,driving,1.1999930494747473,-0.1872733694896329
0.9500000000000007,0,-0.17311237671036694,2.9900667223230206,-0.04201372428365741,0.05339174806352631,0.1801841293735802,-0.04841438686280241,0.1315475839469136,driving,1.1999933745126523,-0.17311237671036694
0.9550000000000007,0,-0.18528836931681725,2.9887124857941343,-0.04112254930497874,0.05264144104895951,0.18005471807304266,-0.04935018704260124,0.1317531966934385,driving,1.199993681497726,-0.18528836931681725
0.9600000000000007,0,-0.18260055104961395,2.9876842137223605,-0.0402341825940089,0.05188981964837017,0.17948255359300025,-0.0519796549314224,0.13195436760640852,driving,1.1999939737399705,-0.18260055104961395
0.9650000000000007,0,-0.17841968497636806,2.986742961784372,-0.03934870049783955,0.05113569167933718,0.1788932033325704,-0.05488866030070481,0.1321511111088977,driving,1.1999942519109184,-0.17841968497636806
0.9700000000000008,0,-0.17470818718884518,2.9858343143274473,-0.03846605254459815,0.050380100558363804,0.17831238352002268,-0.057617407453378976,0.1323434413716207,driving,1.1999945164918033,-0.17470818718884518
0.9750000000000008,0,-0.172103078110054,2.984968827159826,-0.03758617414492519,0.04962472399398946,0.17774326619824135,-0.060013555381157074,0.13253137224234535,driving,1.199994767985735,-0.172103078110054
0.9800000000000008,0,-0.17504027524754268,2.9841449049488324,-0.03670839526317743,0.04887469100639006,0.17730186599201167,-0.06158819394318567,0.13271491421866125,driving,1.1999950057848072,-0.17504027524754268
0.9850000000000008,0,-0.18480577222546477,2.983602498413068,-0.03583195048293605,0.04813220004746429,0.1770196008020499,-0.06220400716256341,0.13289407397107592,driving,1.19999523126559,-0.18480577222546477
0.9900000000000008,0,-0.18871690495759957,2.9828326181607667,-0.03495748895106806,0.04739332546506398,0.17660043787650054,-0.06389400634786438,0.13306886141583127,driving,1.1999954447890506,-0.18871690495759957
0.9950000000000008,0,-0.17967517955597506,2.982616006759526,-0.03408645622768227,0.04664641111240046,0.17589499727106045,-0.06762113731455632,0.13323929369696969,driving,1.1999956497740492,-0.17967517955597506
1.0000000000000007,0,-0.17982338548313803,2.9820238308500433,-0.03321748533754687,0.04589936065520283,0.17545687634961957,-0.07018448940602769,0.1334053811236574,driving,1.1999958435678955,-0.17982338548313803
1.0050000000000006,0,-0.17452874538265334,2.98195314239784,-0.0323513239018028,0.0451484232137527,0.17486815936431593,-0.07334023337922105,0.13356713774316642,driving,1.1999960281919748,-0.17452874538265334
1.0100000000000005,0,-0.16994083196723592,2.98207722712438,-0.03148791388111312,0.04439482724476812,0.17428997597811208,-0.07621676218444454,0.13372457731257198,driving,1.1999962039324026,-0.16994083196723592
1.0150000000000003,0,-0.16657686062104626,2.982270811603389,-0.03062718960142622,0.043640484171335966,0.1737240118366053,-0.07869810741236233,0.13387771326057912,driving,1.1999963710507773,-0.16657686062104626
1.0200000000000002,0,-0.16817808354048214,2.9824990063502144,-0.029768583775781975,0.0428903091974816,0.17326620125130063,-0.08037276520554885,0.13402655617945802,driving,1.199996528706803,-0.16817808354048214
1.0250000000000001,0,-0.17597557589232035,2.9829986903623587,-0.02891130145002597,0.04214576877310347,0.1729730758337508,-0.08130226639118461,0.13417111268670814,driving,1.1999966781060272,-0.17597557589232035
1.03,0,-0.1780598257935518,2.9832690105476245,-0.028056056211061366,0.04140373251177742,0.17253113792764824,-0.08312920063284389,0.13431139296776345,driving,1.1999968193790724,-0.1780598257935518
1.035,0,-0.15912744721001337,2.9843607151450917,-0.027205415833960616,0.040649545989331,0.1715720895256505,-0.08788547702063089,0.13444742004693325,driving,1.1999969566324982,-0.15912744721001337
1.0399999999999998,0,-0.16652953912544605,2.9850914330979696,-0.026355794394784745,0.03990055728074685,0.17133246076526587,-0.08914721821521927,0.13457919901890716,driving,1.1999970850776154,-0.16652953912544605
1.0449999999999997,0,-0.16389131914111998,2.985982703849143,-0.025508719869250445,0.039150886891572534,0.17078638719034098,-0.0914916624377075,0.1347067426182534,driving,1.1999972075267233,-0.16389131914111998
1.0499999999999996,0,-0.15989482628853025,2.9869325245643163,-0.024664310507521797,0.03839969096929974,0.17021603371318253,-0.09404222690818881,0.13483006417079102,driving,1.1999973242866815,-0.15989482628853025
1.0549999999999995,0,-0.16965996568763192,2.987624723661947,-0.02382085325491983,0.037656419954101725,0.16998999794675113,-0.09466510678697382,0.13494916843706561,driving,1.1999974334439794,-0.16965996568763192
1.0599999999999994,0,-0.16617200527525244,2.9885871446587875,-0.02297996065768972,0.03691077574749184,0.16944061375862052,-0.09732279416780684,0.13506406824035405,driving,1.1999975380029835,-0.16617200527525244
1.0649999999999993,0,-0.15059856854609732,2.989966893094578,-0.02214298870181939,0.03615536699544323,0.1686144475120888,-0.10173314272480305,0.13517478318386314,driving,1.1999976389539266,-0.15059856854609732
1.0699999999999992,0,-0.15173128359234195,2.991467001829076,-0.021307833162059333,0.03540133379455577,0.16821476243837774,-0.10361612978005952,0.13528132234967344,driving,1.1999977343402215,-0.15173128359234195
1.074999999999999,0,-0.14836938586076975,2.9927213298635524,-0.020475280201346868,0.03464729823459079,0.1676578669491878,-0.1058113406400881,0.13538369875068018,driving,1.199997825105368,-0.14836938586076975
1.079999999999999,0,-0.14727477859091553,2.9939366002941847,-0.019645046608785795,0.03389596557407096,0.16715451023698194,-0.10767315587612351,0.1354819239837241,driving,1.199997910363841,-0.14727477859091553
1.0849999999999989,0,-0.15068931943157032,2.995429523996378,-0.01881657047643877,0.03314858003059201,0.1667683103082246,-0.10895268021526498,0.1355760068361063,driving,1.199997991117198,-0.15068931943157032
1.0899999999999987,0,-0.14651045716315642,2.9967264166713585,-0.01799081108604448,0.032400077080549684,0.1661900016326014,-0.1113281111199679,0.1356659608915365,driving,1.1999980684371447,-0.14651045716315642
1.0949999999999986,0,-0.14313005975525522,2.9979991874373813,-0.017167526976610226,0.03165143681563137,0.16565707489245834,-0.1137416620144923,0.13575179852641955,driving,1.1999981412885998,-0.14313005975525522
1.0999999999999985,0,-0.14457055691797271,2.9996391263400857,-0.01634614420812056,0.030905134643749315,0.16524133649141776,-0.11541795246287254,0.13583352924746014,driving,1.1999982096004664,-0.14457055691797271
1.1049999999999984,0,-0.12659716841399105,3.0016036147803367,-0.015529131447350955,0.03014827201521127,0.1643316372970211,-0.11968506406769613,0.1359111749046969,driving,1.1999982785755383,-0.12659716841399105
1.1099999999999983,0,-0.1288737491945089,3.0026794165234487,-0.014713835868752153,0.029395726438688756,0.1639549557225057,-0.12109446838188896,0.13598474408404065,driving,1.1999983420066664,-0.1288737491945089
1.1149999999999982,0,-0.12405896841857972,3.0038347646443078,-0.013901429751138363,0.028644102491263465,0.1633444252384755,-0.12314766983089764,0.13605425123279635,driving,1.1999984025253694,-0.12405896841857972
1.119999999999998,0,-0.12789012697023555,3.0047852597067983,-0.013090769270699064,0.027898809185855036,0.16296440423040487,-0.12411637090920624,0.13611970507914986,driving,1.1999984583117738,-0.12789012697023555
1.124999999999998,0,-0.12221545315464433,3.0059901555470736,-0.012283084314757116,0.02715292583364462,0.1623386063998473,-0.1264419702526842,0.13618112050072365,driving,1.1999985121787187,-0.12221545315464433
1.129999999999998,0,-0.11460024479830377,3.007280927170894,-0.011478570386218719,0.026405240498239488,0.1616741041465352,-0.12904169680934768,0.13623851335265474,driving,1.199998564128758,-0.11460024479830377
1.1349999999999978,0,-0.1096516088577219,3.008542967850169,-0.010676993078083705,0.025659309947407966,0.1610548920749001,-0.1310564477541494,0.13629189831804517,driving,1.1999986128124205,-0.1096516088577219
1.1399999999999977,0,-0.10789368898436302,3.009955484521011,-0.009877901860499723,0.024915666984483234,0.1605290297816572,-0.13270002216300747,0.13634128782734767,driving,1.1999986589694605,-0.10789368898436302
1.1449999999999976,0,-0.09989859675332435,3.0110125796418763,-0.009082180053229298,0.024170565678149264,0.15982849072711025,-0.13506630668772768,0.1363866987276138,driving,1.1999987046093186,-0.09989859675332435
1.1499999999999975,0,-0.09973493884525741,3.0110989403456974,-0.00828877262528857,0.02342955868602316,0.15934096792143426,-0.13641830770687507,0.13642814259074024,driving,1.199998746000399,-0.09973493884525741
1.1549999999999974,0,-0.09378695065901643,3.011291154959789,-0.007498573795859202,0.022689815967528497,0.15867500298093595,-0.13838588422059406,0.13646563545971954,driving,1.1999987859267165,-0.09378695065901643
1.1599999999999973,0,-0.08819884640840614,3.0116221281252016,-0.006711593702053759,0.021952521726160537,0.15800619170530916,-0.14021267820924685,0.1364991934282298,driving,1.199998823325467,-0.08819884640840614
1.1649999999999971,0,-0.08168042319921259,3.012540785698478,-0.00592800422000947,0.021217095235793057,0.1573031605076716,-0.14208505971777968,0.13652883344932984,driving,1.199998859702464,-0.08168042319921259
1.169999999999997,0,-0.07836601266374515,3.013180507879529,-0.005147171321279543,0.020483378899720333,0.15672949453134377,-0.14383909872133932,0.13655456930593624,driving,1.19999889393041,-0.07836601266374515
1.174999999999997,0,-0.07257111891044482,3.013025550186625,-0.004369117608198012,0.01974738187648202,0.1561536999137719,-0.1463390165538185,0.13657641489397723,driving,1.1999989259993622,-0.07257111891044482
1.1799999999999968,0,-0.06356805810591964,3.012699500760638,-0.003595033594401511,0.01901414886271222,0.15533783862045347,-0.14808340706708828,0.13659439006194923,driving,1.1999989579033168,-0.06356805810591964
1.1849999999999967,0,-0.05905272669065054,3.012378993247618,-0.0028239806600833316,0.018283585976801436,0.15471128745722057,-0.1497456201129475,0.13660850996524965,driving,1.199998986576149,-0.05905272669065054
1.1899999999999966,0,-0.05126822179640261,3.0120375466049927,-0.0020559627957791094,0.01755001479436945,0.15408562909176396,-0.15242850564122332,0.13661878977922853,driving,1.199999013605545,-0.05126822179640261
1.1949999999999965,0,-0.043490429418009624,3.0116896021180937,-0.0012919467507759143,0.01682172886286002,0.15326468965689616,-0.1536403561592494,0.1366252495129824,driving,1.1999990408920367,-0.043490429418009624
1.1999999999999964,0,-0.037096698264850125,3.011292901052589,-0.0005311035339603639,0.016094173944505907,0.15261148015608125,-0.15563651855112764,0.13662790503065222,driving,1.1999990664090256,-0.037096698264850125
1.2049999999999963,0,-0.03037273734130652,3.0105845476070163,0.00022621676024761354,0.015369584639949833,0.15188831040815812,-0.15721132791783887,0.136626773946851,driving,1.1999990908740736,-0.03037273734130652
1.2099999999999962,0,-0.02046665158214439,3.009478202366722,0.0009801306321297913,0.014641777493961814,0.15118940997094116,-0.15994193031735057,0.13662187329369035,driving,1.199999112313073,-0.02046665158214439
1.214999999999996,0,-0.011466526267042587,3.0085542004883523,0.001730363737905247,0.013915133225068363,0.150434718296713,-0.1618731950104979,0.13661322147500082,driving,1.1999991334210405,-0.011466526267042587
1.219999999999996,0,-0.0034698476717147653,3.0076906389267153,0.002476883485025736,0.013191707077083297,0.1496732100908397,-0.1634083098684473,0.1366008370575757,driving,1.1999991541499235,-0.0034698476717147653
1.2249999999999959,0,0.009886138111512621,3.0065186116003875,0.003219858475285186,0.012461566310508333,0.14894633252330083,-0.16684899709774115,0.13658473776519928,driving,1.1999991733665718,0.009886138111512621
1.2299999999999958,0,0.02089387353163258,3.0050007818587994,0.003958714952826795,0.011733621376292473,0.14810406772333107,-0.16852935151305387,0.13656494419043513,driving,1.1999991908352623,0.02089387353163258
1.2349999999999957,0,0.027259428186537538,3.003972068466381,0.00469378013637296,0.011013144609922153,0.14732635332070165,-0.16920182509527004,0.13654147528975327,driving,1.1999992082586848,0.027259428186537538
1.2399999999999956,0,0.0313267814246071,3.003057064446645,0.0054251606127064846,0.01030225491539807,0.14656978593099887,-0.1694120054870974,0.13651434948668975,driving,1.1999992253763443,0.0313267814246071
1.2449999999999954,0,0.03914397210492976,3.001782848736975,0.006153034853011964,0.00959271547725468,0.14584935079522487,-0.17118996981544654,0.1364835843124247,driving,1.1999992410421194,0.03914397210492976
1.2499999999999953,0,0.04420590380269962,3.000117456553043,0.006877285256992426,0.00888991879345009,0.14510496813509624,-0.17191689222233203,0.13644919788613974,driving,1.1999992561669943,0.04420590380269962
1.2549999999999952,0,0.04802641003790975,2.9984211827620433,0.007597681058840199,0.008196633076764194,0.144314648332857,-0.17201895114053756,0.13641120948084554,driving,1.199999269675138,0.04802641003790975
1.2599999999999951,0,0.04832561273482455,2.9973257211364484,0.008314695686928185,0.007514385548309688,0.1436182188011241,-0.17184356023268565,0.1363696360024109,driving,1.199999283136709,0.04832561273482455
1.264999999999995,0,0.04818429312564576,2.9963482487189075,0.00902845920185127,0.006841833846931559,0.14294746417636195,-0.1719096944868749,0.13632449370640165,driving,1.1999992963236623,0.04818429312564576
1.269999999999995,0,0.053077758601813796,2.9949918164100398,0.009738993250458346,0.006169972059192489,0.14228072671978828,-0.17373450314628464,0.13627579874014936,driving,1.1999993081483966,0.053077758601813796
1.2749999999999948,0,0.05746964641778296,2.993233273087914,0.010445834008357845,0.005502679539151139,0.14152166830768886,-0.1747021227115353,0.13622356957010756,driving,1.1999993184399462,0.05746964641778296
1.2799999999999947,0,0.057545355849721036,2.9919738494974455,0.011149469752466891,0.004843382080883325,0.14085925207818278,-0.1750561699064797,0.1361678222213452,driving,1.1999993289639848,0.057545355849721036
1.2849999999999946,0,0.062357064007345864,2.99056243749686,0.011849835843757161,0.004184484844138457,0.14018310798366432,-0.1769154990398318,0.13610857304212642,driving,1.1999993386359318,0.062357064007345864
1.2899999999999945,0,0.05942250178566855,2.989199395359518,0.0125471367153111,0.0035367825182664285,0.13954815671481882,-0.1766097455859107,0.13604583735854986,driving,1.1999993491377325,0.05942250178566855
1.2949999999999944,0,0.05743127814872051,2.988202512064184,0.013241412030705122,0.0028973463974183364,0.13892095780596636,-0.17685926170930727,0.13597963029839633,driving,1.199999359376969,0.05743127814872051
1.2999999999999943,0,0.06344970751742163,2.9870196964659894,0.013932035126288904,0.0022568670894903883,0.13816882358460342,-0.17884196904536726,0.13590997012276487,driving,1.199999367048033,0.06344970751742163
1.3049999999999942,0,0.06408946426107276,2.98607427569156,0.014619637973581614,0.001620219730063864,0.13754200585444876,-0.17995373579415858,0.13583687193289695,driving,1.1999993748306332,0.06408946426107276
1.309999999999994,0,0.06375176052881726,2.98522087734316,0.015304251993867916,0.0009885242121096352,0.13692111394548687,-0.18084184100307743,0.1357603506729276,driving,1.1999993827484126,0.06375176052881726
1.314999999999994,0,0.0654735191782233,2.9844183313795916,0.015985364926947628,0.00036117608346864015,0.13619932824644945,-0.18170372506751484,0.13568042384829287,driving,1.1999993894633532,0.0654735191782233
1.3199999999999938,0,0.06334488195287202,2.984192512605093,0.016663596307193003,-0.0002599162253326136,0.13560052308807358,-0.18228238194110002,0.1355971058667569,driving,1.1999993965278146,0.06334488195287202
1.3249999999999937,0,0.06181271947359712,2.984062713374002,0.01733896100251183,-0.0008762874516941944,0.13500453725078518,-0.18316337838872426,0.13551041106174436,driving,1.1999994036845414,0.06181271947359712
1.3299999999999936,0,0.0665218105647789,2.9835812318027286,0.01801109386748887,-0.0014952261550184999,0.13433405232962387,-0.18552402616796743,0.13542035559240692,driving,1.1999994098501974,0.0665218105647789
1.3349999999999935,0,0.06356525298978977,2.9830868021894212,0.018680472535660297,-0.00210795425761325,0.13376098979716838,-0.18606012482928103,0.13532695322972862,driving,1.199999416809379,0.06356525298978977
1.3399999999999934,0,0.07002492978686803,2.9826544129750454,0.01934599310743377,-0.0027223214634322433,0.1329675246197946,-0.18805291230186283,0.13523022326419146,driving,1.1999994215880836,0.07002492978686803
1.3449999999999933,0,0.06968189307705097,2.9826123918627006,0.02000856771273941,-0.0033330630337161313,0.132355876184084,-0.18910975734501165,0.13513018042562777,driving,1.1999994266912022,0.06968189307705097
1.3499999999999932,0,0.06873630255869567,2.982727198772249,0.020668230078600334,-0.0039396915370742665,0.1317511255529098,-0.19006012671565226,0.13502683927523476,driving,1.1999994320847562,0.06873630255869567
1.354999999999993,0,0.06782175135872948,2.9829492716270556,0.02132496445962318,-0.004542442232741642,0.13114345542381675,-0.19104326713764458,0.13492021445293664,driving,1.1999994375597551,0.06782175135872948
1.359999999999993,0,0.07002656767876003,2.983271214680022,0.02197812335425684,-0.005142640774506039,0.13040898810143736,-0.19211663158528308,0.13481032383616537,driving,1.1999994418060842,0.07002656767876003
1.3649999999999929,0,0.06760400717468507,2.984202334271791,0.022628412763658966,-0.0057373942576298,0.129815109224952,-0.19274676270458407,0.13469718177234707,driving,1.199999446441127,0.06760400717468507
1.3699999999999928,0,0.06560260690581432,2.985252579836556,0.023275874658417323,-0.006327969842856277,0.12922982000990377,-0.1936471041148506,0.13458080239905498,driving,1.199999451243131,0.06560260690581432
1.3749999999999927,0,0.07323146887534215,2.985948601948122,0.023919312559336336,-0.006921678164645051,0.12840604165986316,-0.19589139275505793,0.1344612058362583,driving,1.1999994540033838,0.07323146887534215
1.3799999999999926,0,0.07269936356712037,2.986816114264966,0.024559777802258195,-0.007511962228320602,0.12779249795657377,-0.1969362020404431,0.13433840694724702,driving,1.1999994574151205,0.07269936356712037
1.3849999999999925,0,0.07118158080476877,2.987753062631305,0.025197310403108922,-0.0080977926266869,0.12718752037948555,-0.1977599079863375,0.13421242039523149,driving,1.1999994613985865,0.07118158080476877
1.3899999999999924,0,0.0697489751292828,2.988761177183511,0.02583186405083675,-0.008679361357499183,0.12657388624789448,-0.1985978834434116,0.1340832610749773,driving,1.1999994656744477,0.0697489751292828
1.3949999999999922,0,0.06864818288573804,2.9898587885276857,0.02646340391603132,-0.009257266705153205,0.12595383969111884,-0.1995370262725985,0.13395094405539715,driving,1.1999994700192766,0.06864818288573804
1.3999999999999921,0,0.07172811889338304,2.991031225767567,0.027091148681035217,-0.009833709900352488,0.12518109322286197,-0.20069839907543424,0.13381548831199197,driving,1.1999994731284265,0.07172811889338304
1.404999999999992,0,0.07447099679419622,2.992479679762314,0.027715426603032174,-0.010408911673561375,0.12447063421201399,-0.20218493475389226,0.13367691117897681,driving,1.1999994757808372,0.07447099679419622
1.409999999999992,0,0.07388402011753148,2.993712076472923,0.028336740858702126,-0.010981191391660238,0.12386171703554968,-0.20331047640861588,0.1335352274746833,driving,1.1999994788206327,0.07388402011753148
1.4149999999999918,0,0.07671003374473462,2.9949083489651827,0.028954291687633395,-0.011551552515845682,0.12309683657113392,-0.2043758193282795,0.13339045601624513,driving,1.19999948105918,0.07671003374473462
1.4199999999999917,0,0.07355163098807938,2.996675878845069,0.02956895267528705,-0.01211596448400956,0.12250645244313191,-0.20479606268566541,0.1332426112528687,driving,1.1999994840457542,0.07355163098807938
1.4249999999999916,0,0.07579332303874187,2.9982391136954574,0.030180138968805996,-0.012678490973224673,0.12179651019395514,-0.2061575757191011,0.13309171055802468,driving,1.1999994866092616,0.07579332303874187
1.4299999999999915,0,0.07533751949558842,2.999435202193094,0.0307882765639316,-0.013238182196945726,0.12117288748620529,-0.2072563978873329,0.13293776917520503,driving,1.1999994895235657,0.07533751949558842
1.4349999999999914,0,0.07242562326551949,3.0006934136885737,0.03139374302615206,-0.013793786012583763,0.12062518129845186,-0.20814184788611734,0.13278080046007426,driving,1.1999994925499855,0.07242562326551949
1.4399999999999913,0,0.07415292314010669,3.00200733942574,0.03199575961838625,-0.014348204350527053,0.11992308198383207,-0.20940496307204304,0.13262082166198233,driving,1.1999994960156537,0.07415292314010669
1.4449999999999912,0,0.08256111626985718,3.0030497657178077,0.03259314043318737,-0.014903443007884504,0.11898368766674045,-0.21102341787373044,0.1324578559598164,driving,1.199999497441462,0.08256111626985718
1.449999999999991,0,0.08424333283110097,3.0043179308223387,0.033186766961702384,-0.015455055929550925,0.11822393260597959,-0.21168055436246966,0.1322919221250079,driving,1.1999994982859064,0.08424333283110097
1.454999999999991,0,0.07468147034988959,3.0061931453228,0.033778579581729314,-0.01599726723097122,0.11784859094086009,-0.21161557073039886,0.13212302922709926,driving,1.1999995014089242,0.07468147034988959
1.4599999999999909,0,0.08282882653338453,3.007254489728189,0.03436581958547557,-0.016540663325672608,0.11692279016943845,-0.2133334621082028,0.13195120012917189,driving,1.1999995026966992,0.08282882653338453
1.4649999999999908,0,0.08055339325639621,3.00832993689995,0.03495014625314129,-0.01707963454699397,0.1163290942282462,-0.21403559602824995,0.13177644939790617,driving,1.199999504640254,0.08055339325639621
1.4699999999999906,0,0.07836944542956081,3.0094196089652923,0.035531577461615206,-0.017614892434012153,0.11573940957671137,-0.21483918430137,0.13159879151059808,driving,1.1999995071733376,0.07836944542956081
1.4749999999999905,0,0.08170201605528193,3.0102024105713054,0.0361092513162367,-0.018148468939838493,0.11497392835969854,-0.21617107298344396,0.1314182452540169,driving,1.199999509143177,0.08170201605528193
1.4799999999999904,0,0.08143872596175261,3.0106589108746333,0.03668388671806445,-0.018680141746658035,0.11435284177590667,-0.21735263942418476,0.1312348258204266,driving,1.1999995113737807,0.08143872596175261
1.4849999999999903,0,0.08592103608189239,3.0111088653428557,0.03725453807222443,-0.01921215317306142,0.11354643669840132,-0.21864239755196885,0.13104855313006547,driving,1.1999995127277137,0.08592103608189239
1.4899999999999902,0,0.08686594525991365,3.011835906430825,0.03782160400954042,-0.019739390446350272,0.11281501004391921,-0.21932036005344305,0.13085944511001776,driving,1.1999995138452781,0.08686594525991365
1.4949999999999901,0,0.08447392929550379,3.0123226060031536,0.03838591067574259,-0.020262998952724615,0.11224929597865448,-0.22016061043106883,0.13066751555663905,driving,1.1999995155139482,0.08447392929550379
1.49999999999999,0,0.08797482978329918,3.0126883837637566,0.03894639447273353,-0.02078650822537746,0.11147495761290493,-0.22134683478073813,0.1304727835842754,driving,1.1999995164947783,0.08797482978329918
1.50499999999999,0,0.08836337577119491,3.013206570912932,0.039503370381916536,-0.021304880408127173,0.11075879852515434,-0.22195152660253922,0.1302752667323658,driving,1.1999995173644447,0.08836337577119491
1.5099999999999898,0,0.08583558648452227,3.013380638451529,0.04005766795974235,-0.02182007960407261,0.11020916213046156,-0.22286278992603872,0.1300749783925671,driving,1.1999995188613186,0.08583558648452227
1.5149999999999897,0,0.08873581020957999,3.01307967293425,0.04060828469857241,-0.022333082665252895,0.10945495258944589,-0.22406292692711335,0.12987193696907423,driving,1.1999995199790974,0.08873581020957999
1.5199999999999896,0,0.08792586575005457,3.0124118155867854,0.04115607659365237,-0.022844722397436693,0.10887220423328836,-0.22527579360186833,0.12966615658610597,driving,1.1999995215151325,0.08792586575005457
1.5249999999999895,0,0.08472851765104095,3.0116028409802826,0.04170216686103815,-0.023359997980732197,0.10851424693820175,-0.22728238659061975,0.12945764575180077,driving,1.199999522915828,0.08472851765104095
1.5299999999999894,0,0.09157094211316408,3.0108803962024804,0.042243356166382036,-0.02387203176588582,0.10751735088132978,-0.22777884231228607,0.12924642897096886,driving,1.1999995239432872,0.09157094211316408
1.5349999999999893,0,0.09225998856489315,3.010619203159109,0.042780860872895954,-0.024377421080440425,0.10675891059813411,-0.22806736964317614,0.12903252466660436,driving,1.199999524689552,0.09225998856489315
1.5399999999999892,0,0.08927502743699411,3.0101324269838323,0.04331583817368426,-0.024879517912010794,0.10623276392391216,-0.2289172707133214,0.12881594547573594,driving,1.1999995258420293,0.08927502743699411
1.544999999999989,0,0.09172387331791965,3.0091894588040167,0.04384727041864667,-0.02537911788708603,0.10549841158484419,-0.23004185023645352,0.1285967091236427,driving,1.1999995264504106,0.09172387331791965
1.549999999999989,0,0.09680098381623647,3.0078807147476407,0.044374913148408864,-0.02588091649385268,0.1047203281707153,-0.2315912069153838,0.12837483455790066,driving,1.199999526249803,0.09680098381623647
1.5549999999999888,0,0.09201585659803024,3.007064173244842,0.04490028565243707,-0.026378442174279936,0.10424485778796964,-0.2321030516143003,0.12815033312963847,driving,1.199999526909339,0.09201585659803024
1.5599999999999887,0,0.09272105274228437,3.0060437467248544,0.045422308975086784,-0.02687180374708044,0.10354822669178049,-0.23285768325624098,0.12792322158476305,driving,1.199999527265994,0.09272105274228437
1.5649999999999886,0,0.09047833671458894,3.004665045866512,0.045941864790583896,-0.027363406224687595,0.10302826459476527,-0.23395487900066284,0.12769351226081013,driving,1.199999528051578,0.09047833671458894
1.5699999999999885,0,0.09576949154496861,3.0032347685834373,0.04645753766470172,-0.02785707964200262,0.10223009433369609,-0.23536746232062267,0.12746122457248663,driving,1.1999995280826783,0.09576949154496861
1.5749999999999884,0,0.09114827613415033,3.002358372408371,0.04697090604141401,-0.028346344093719878,0.10174623369438063,-0.2358172586780032,0.12722637004227955,driving,1.199999528819679,0.09114827613415033
1.5799999999999883,0,0.08507106434779432,3.001202538958966,0.04748230246819003,-0.0288286101094491,0.10131811245465985,-0.23635898073843936,0.1269889585299386,driving,1.1999995301973836,0.08507106434779432
1.5849999999999882,0,0.09440239585580357,2.9992176313853345,0.04798962861971232,-0.029317798662730078,0.10047732620339665,-0.2388049642802516,0.12674901038684006,driving,1.1999995302666073,0.09440239585580357
1.589999999999988,0,0.10000354469028483,2.997624477872904,0.04849307963496481,-0.02980895180853009,0.09967977032841151,-0.24011392106616725,0.12650654498866523,driving,1.1999995296356862,0.10000354469028483
1.594999999999988,0,0.09746408859896838,2.9964235547541342,0.04899347046524691,-0.030291588714109783,0.09903803656897633,-0.239937208638829,0.126261577636339,driving,1.1999995289829373,0.09746408859896838
1.5999999999999879,0,0.08305345323858426,2.995301042031644,0.04949399125415395,-0.03077008321016303,0.09903477806061996,-0.24072145948045098,0.12601410768006824,driving,1.1999995309925438,0.08305345323858426
1.6049999999999878,0,0.0953659005670322,2.993673657498335,0.04998963049049115,-0.03125353654112632,0.09803018077407921,-0.2428179875419823,0.12576415952761577,driving,1.1999995308701492,0.0953659005670322
1.6099999999999877,0,0.09370582222069024,2.9922068529761336,0.05048279851588478,-0.03173486675591346,0.09750653985203384,-0.24376071303607366,0.12551174553503636,driving,1.1999995310135732,0.09370582222069024
1.6149999999999876,0,0.10010008138763526,2.990860988116498,0.05097211017759373,-0.03221892636079711,0.09671228899306741,-0.24524178343134345,0.1252568849841484,driving,1.1999995303596305,0.10010008138763526
1.6199999999999875,0,0.09761461752889355,2.9897782916608278,0.05145828476468724,-0.03269338214438394,0.09605455150584416,-0.24485251015349152,0.12499959356032495,driving,1.1999995295557455,0.09761461752889355
1.6249999999999873,0,0.09233783762368997,2.988481440086301,0.051942375378983774,-0.03316264497174666,0.09560868298788079,-0.24523891158812688,0.12473988168343003,driving,1.199999529385281,0.09233783762368997
1.6299999999999872,0,0.08735733646391486,2.9874768084967642,0.05242512623500618,-0.03363446602853534,0.09531849738795004,-0.24685405777931382,0.124477756052255,driving,1.1999995305941806,0.08735733646391486
1.6349999999999871,0,0.09057360608520015,2.986560074408331,0.05290438113281854,-0.034104326481245235,0.09459004917391686,-0.24789840501680813,0.12421323414659091,driving,1.199999531083055,0.09057360608520015
1.639999999999987,0,0.09898687200822176,2.985458126402095,0.0533794447930559,-0.034577594120569995,0.09373016952597364,-0.2495352729174239,0.12394633692262563,driving,1.199999530416548,0.09898687200822176
1.644999999999987,0,0.09544056901877396,2.9848648357210497,0.05385219513257762,-0.03504648915388252,0.09324508857399448,-0.24995858079386551,0.12367707594696274,driving,1.1999995303448294,0.09544056901877396
1.6499999999999868,0,0.09457704258764965,2.9840993034647814,0.054321631017129356,-0.035507049549003286,0.09255351365484082,-0.2498626593417755,0.1234054677918771,driving,1.1999995298402801,0.09457704258764965
1.6549999999999867,0,0.09889109976038035,2.98307314041945,0.05478722319739055,-0.03596712703663619,0.09176504202781276,-0.25073899889073714,0.12313153167589014,driving,1.1999995285983172,0.09889109976038035
1.6599999999999866,0,0.09046081767532,2.9829152620881803,0.05525167782024742,-0.036425608328388724,0.09152424174931868,-0.2514313853720302,0.1228552732867889,driving,1.1999995291612826,0.09046081767532
1.6649999999999865,0,0.09128706947738274,2.982968915652054,0.05571256219543829,-0.036877875071883885,0.09078950134813313,-0.25160081719051475,0.1225767104758117,driving,1.1999995293730723,0.09128706947738274
1.6699999999999864,0,0.08975769743785722,2.98275804484439,0.056170728231147785,-0.03732690088170298,0.09022665105691702,-0.2523116016434373,0.12229585683465596,driving,1.199999529785646,0.08975769743785722
1.6749999999999863,0,0.08912350349107134,2.982504372373395,0.05662620098525832,-0.037774762747772105,0.08967009709929022,-0.25335669130951327,0.12201272582972968,driving,1.1999995304072353,0.08912350349107134
1.6799999999999862,0,0.08960103348884596,2.982357614115266,0.05707894582008875,-0.03822296424997392,0.08910734933502049,-0.25467245616724843,0.12172733110062924,driving,1.1999995311293021,0.08960103348884596
1.684999999999986,0,0.09883360010568765,2.982424159164728,0.057527399141285546,-0.03867589586020424,0.08823977994389977,-0.2564345464532633,0.12143969410492281,driving,1.1999995307275675,0.09883360010568765
1.689999999999986,0,0.10631368174024503,2.9828123070644392,0.05797077035572029,-0.0391230205983808,0.08721320670287777,-0.2563471866005091,0.12114984025314421,driving,1.1999995288043344,0.10631368174024503
1.6949999999999859,0,0.09778873954529155,2.9835459019995,0.05841193744164187,-0.03955855259533608,0.08676290827635759,-0.25539612880638346,0.120857780565936,driving,1.1999995279978382,0.09778873954529155
1.6999999999999857,0,0.08441581915943308,2.9842983048046094,0.05885210771154949,-0.039983139670325525,0.08654887775194918,-0.25488312964411247,0.12056352002737826,driving,1.1999995292588883,0.08441581915943308
1.7049999999999856,0,0.08991938848994663,2.9849102382940282,0.059289188310624796,-0.04041808124214635,0.0859337775061037,-0.2575079461254837,0.12026707408582514,driving,1.1999995302547943,0.08991938848994663
1.7099999999999855,0,0.09447223570262409,2.9860265051689088,0.05972197012447318,-0.04084822114681133,0.08506742208417792,-0.2578492147013058,0.11996846423520277,driving,1.1999995306811604,0.09447223570262409
1.7149999999999854,0,0.1040606240246249,2.986722719681412,0.06014918447014705,-0.041273056628655984,0.08394849781861996,-0.2579756335956757,0.11966771831285204,driving,1.1999995292339714,0.1040606240246249
1.7199999999999853,0,0.09484710232332538,2.9878728525650664,0.0605750397064378,-0.04169401896398081,0.0836807536516298,-0.2582137189577804,0.11936484311431986,driving,1.1999995295645263,0.09484710232332538
1.7249999999999852,0,0.09576014727181792,2.9891335570861695,0.06099692409386509,-0.04210707280710233,0.08288338386056159,-0.2579889889841532,0.11905985849385053,driving,1.1999995297387083,0.09576014727181792
1.729999999999985,0,0.09384168362552736,2.990150829947212,0.06141585465514821,-0.042516005873052216,0.08229119896713907,-0.2584133064205283,0.1187527792205748,driving,1.1999995302996656,0.09384168362552736
1.734999999999985,0,0.09281481174949935,2.9911700816829425,0.06183180644844722,-0.04292271738224837,0.08169519667198574,-0.2591089151523981,0.11844362018833256,driving,1.199999531214201,0.09281481174949935
1.739999999999985,0,0.09985190152508949,2.992353595593342,0.062243371793597624,-0.043331869632024456,0.08082527969699652,-0.26030590196766934,0.11813240332936457,driving,1.1999995311868497,0.09985190152508949
1.7449999999999848,0,0.10130099808959281,2.993840886989803,0.06265066611154337,-0.043731781125432724,0.07997046730561698,-0.2597926600828772,0.11781914999880685,driving,1.1999995309373843,0.10130099808959281
1.7499999999999847,0,0.09761502576722425,2.9951287273274168,0.06305512883854265,-0.0441257015417941,0.07940524505455487,-0.2598316649925498,0.11750387435461414,driving,1.199999531258558,0.09761502576722425
1.7549999999999846,0,0.10209915019276106,2.9964375400977334,0.06345538981187542,-0.04451962675655975,0.07857427019596323,-0.260544969284824,0.11718659740555476,driving,1.1999995309513496,0.10209915019276106
1.7599999999999845,0,0.10134861954915919,2.998005712795113,0.06385145105138193,-0.04490211258610957,0.07773608558829535,-0.2595590104978226,0.11686734015029784,driving,1.1999995306819953,0.10134861954915919
1.7649999999999844,0,0.1034062254651874,2.9993759202419454,0.06424332985799507,-0.04528108989575203,0.07690983896878852,-0.2596280657124601,0.11654612350100786,driving,1.1999995300797375,0.1034062254651874
1.7699999999999843,0,0.07598692476539148,3.0013635919534565,0.06463723935132291,-0.045650740273339735,0.07732048189305946,-0.25933875387115823,0.11622293730425125,driving,1.1999995335873037,0.07598692476539148
1.7749999999999841,0,0.09555915640933199,3.0025636888210285,0.06502452551485265,-0.046027969017548756,0.07600086838232291,-0.26166760604611927,0.11589781467667698,driving,1.199999534702148,0.09555915640933199
1.779999999999984,0,0.1017930437304525,3.003492731431628,0.06540705210961029,-0.04640073594521666,0.075046018797162,-0.26215227612885417,0.11557077941612894,driving,1.1999995348874246,0.1017930437304525
1.784999999999984,0,0.10914269178214331,3.0042755432437964,0.06578511474496357,-0.04677608424839946,0.07415855651165693,-0.26335764618340474,0.11524185384240412,driving,1.1999995342388128,0.10914269178214331
1.7899999999999838,0,0.11615709990405299,3.0053375914084026,0.06615759018021983,-0.04714421079878849,0.0730456148901859,-0.26271217310036576,0.11491106589150303,driving,1.1999995324919825,0.11615709990405299
1.7949999999999837,0,0.1057978143444771,3.006745912236989,0.06652781228105109,-0.047500678743119286,0.07259978947875713,-0.26142757950477474,0.11457842683009778,driving,1.199999532167848,0.1057978143444771
1.7999999999999836,0,0.09012835396274876,3.008126651756773,0.06689711233469892,-0.04784607065514665,0.07241417553918493,-0.26060808244309164,0.11424394126842428,driving,1.1999995340706717,0.09012835396274876
1.8049999999999835,0,0.09814038050208507,3.0090298375900923,0.0672619900432949,-0.0481979298734111,0.07153615459322407,-0.2624059987091448,0.11390763131820782,driving,1.199999534956228,0.09814038050208507
1.8099999999999834,0,0.10121353804779765,3.009986271752946,0.06762239262737768,-0.04854375185707093,0.07063907341006506,-0.26236107907314343,0.11356951935507092,driving,1.1999995354156616,0.10121353804779765
1.8149999999999833,0,0.09864076614275563,3.0106780336182344,0.06797999778001729,-0.048887424587821304,0.07007832784524036,-0.26294911321596365,0.11322961936617083,driving,1.1999995362832354,0.09864076614275563
1.8199999999999832,0,0.09733132687318313,3.0113072678537054,0.06833493143839298,-0.049232327123212086,0.06954292685132255,-0.2640808597364341,0.11288794470897887,driving,1.1999995375056898,0.09733132687318313
1.824999999999983,0,0.1113711739286185,3.0117059422109405,0.06868399808988608,-0.049579980758261345,0.06836713371989159,-0.26536374173087324,0.11254452471852944,driving,1.199999536922844,0.1113711739286185
1.829999999999983,0,0.11104373286926372,3.0119298407505073,0.06902905236762803,-0.04991739280969085,0.06755424993343778,-0.2646035480690499,0.1121993794566913,driving,1.199999536204671,0.11104373286926372
1.8349999999999829,0,0.10529301517034773,3.0118586067543767,0.06937186192840997,-0.050250700976997194,0.06709563140308776,-0.26476620286744734,0.11185252014704924,driving,1.1999995363322273,0.10529301517034773
1.8399999999999828,0,0.10984557017606145,3.011843603743273,0.06971073093504077,-0.05058734113448895,0.06630459403052993,-0.2657462153315927,0.11150396649237404,driving,1.1999995360641627,0.10984557017606145
1.8449999999999827,0,0.1080755298918441,3.012048163625298,0.07004572811956201,-0.05091357502056054,0.06551823670181005,-0.26471650198902974,0.11115373785177624,driving,1.199999535883755,0.1080755298918441
1.8499999999999825,0,0.09297657088073397,3.011921344103329,0.07038014334433537,-0.05123093432595123,0.06538301329659085,-0.2643399568503936,0.11080183713505456,driving,1.1999995375482355,0.09297657088073397
1.8549999999999824,0,0.10214350796382221,3.0113198706401687,0.0707103206426552,-0.05155734487990012,0.06452389842565585,-0.2664751475023678,0.11044828553184129,driving,1.1999995381592228,0.10214350796382221
1.8599999999999823,0,0.10040488312153106,3.011136511784953,0.07103804560927804,-0.05188537042750213,0.06402058994286948,-0.267443453833014,0.1100930953037949,driving,1.1999995391516147,0.10040488312153106
1.8649999999999822,0,0.11362619459374623,3.0108019790754375,0.07136010723239108,-0.052215172678710085,0.06287346838784313,-0.26842850953655367,0.10973629476763294,driving,1.1999995383793196,0.11362619459374623
1.8699999999999821,0,0.11239639246131794,3.0102193049096364,0.07167847921849643,-0.05253433206124171,0.06211295982009062,-0.2675459192791211,0.10937790237154046,driving,1.1999995374646921,0.11239639246131794
1.874999999999982,0,0.10589830470206163,3.0092485711518964,0.07199503411437842,-0.052850153266588006,0.061728189675796144,-0.26780007402082134,0.10901792720096858,driving,1.1999995373730996,0.10589830470206163
1.879999999999982,0,0.10168091346285124,3.008209446773685,0.07230968502056283,-0.053166716430383704,0.061325957517780645,-0.26865646584383523,0.10865637877586576,driving,1.199999537973865,0.10168091346285124
1.8849999999999818,0,0.09974067429081979,3.00721837619962,0.07262221751642758,-0.05348595075695896,0.06087992752848641,-0.2698473591773018,0.10829326768828362,driving,1.1999995389610951,0.09974067429081979
1.8899999999999817,0,0.10505472668418359,3.005966444924353,0.07293080421607617,-0.053803719672760236,0.06005862996043101,-0.2705979963703795,0.10792861366720324,driving,1.199999539220078,0.10505472668418359
1.8949999999999816,0,0.11321392539980435,3.0044982392915562,0.0732355277667132,-0.05412800708574165,0.05926155036391531,-0.2722474006815873,0.10756243602836968,driving,1.1999995384965572,0.11321392539980435
1.8999999999999815,0,0.11264912830344154,3.003204338323233,0.07353676195819171,-0.05444332645634978,0.058529510555098585,-0.2714876204424593,0.10719475221857871,driving,1.1999995376452177,0.11264912830344154
1.9049999999999814,0,0.10631415026052404,3.001735270469116,0.07383634150796077,-0.054755150221302215,0.05816510788125628,-0.27163172427351717,0.10682557051103891,driving,1.1999995374609385,0.10631415026052404
1.9099999999999813,0,0.11098009999572378,3.0003472098198145,0.07413248038699947,-0.05507135119713444,0.05745183199764032,-0.2726942392997122,0.10645490810910392,driving,1.1999995367231286,0.11098009999572378
1.9149999999999812,0,0.10375481389396679,2.9994862714633586,0.0744269866940593,-0.05538330006308094,0.05709959112615907,-0.2724645981822247,0.10608277317563362,driving,1.1999995368188807,0.10375481389396679
1.919999999999981,0,0.10402243541808831,2.9983697130639655,0.07471798679533542,-0.055687399962780965,0.056363624279457895,-0.27199636141166383,0.10570918324165694,driving,1.1999995365705682,0.10402243541808831
1.924999999999981,0,0.1000539761109106,2.996844633641848,0.07500712163149288,-0.05599026282676546,0.05595776925978439,-0.2726107710660477,0.10533414763349948,driving,1.199999536705182,0.1000539761109106
1.9299999999999808,0,0.09762895345315015,2.995257707984199,0.07529439548024622,-0.05629507418648262,0.05555368550230726,-0.2736853865366485,0.10495767565609825,driving,1.1999995371923506,0.09762895345315015
1.9349999999999807,0,0.09686994763852719,2.9937604104428406,0.07557969730194934,-0.05660339844317985,0.05512743299034903,-0.2750290877529932,0.1045797771695885,driving,1.1999995378456088,0.09686994763852719
1.9399999999999806,0,0.11193026182130383,2.9921298908951774,0.07585940859998452,-0.05691408772658186,0.05397603921056457,-0.2760410990524738,0.10420048012658857,driving,1.199999536544867,0.11193026182130383
1.9449999999999805,0,0.10626530941885381,2.9907513838735515,0.0761374372852135,-0.05722040587887932,0.05360693320552815,-0.27595189895522115,0.1038197929401625,driving,1.1999995358599553,0.10626530941885381
1.9499999999999804,0,0.11065613001767316,2.989549636289511,0.07641211877862723,-0.05752949970984695,0.052915301127208644,-0.2766981199891735,0.10343773234626936,driving,1.199999534662061,0.11065613001767316
1.9549999999999803,0,0.09275568494338338,2.9888195532689195,0.07668719296688117,-0.057827653699241185,0.05296232431798732,-0.27570237255453733,0.10305429638143496,driving,1.1999995354820028,0.09275568494338338
1.9599999999999802,0,0.10148567509481099,2.9877547605570367,0.0769585904801314,-0.05813339884686394,0.05220687530196757,-0.27748755912397843,0.1026695034290343,driving,1.1999995352242587,0.10148567509481099
1.96499999999998,0,0.10417005990893746,2.9867523716768307,0.07722621164779006,-0.058431476958838775,0.05142102794983193,-0.27701395780206317,0.10228337237079535,driving,1.1999995345034575,0.10417005990893746
1.96999999999998,0,0.10025276488204415,2.9855282314772906,0.07749200164254083,-0.0587267136571182,0.05102705236101755,-0.27731630415876457,0.10189591236258265,driving,1.19999953419914,0.10025276488204415
1.9749999999999799,0,0.0974585056741295,2.984346809042648,0.07775596763113239,-0.05902185194799182,0.0506361654236451,-0.2779968364112987,0.10150713252442699,driving,1.1999995343068015,0.0974585056741295
1.9799999999999798,0,0.10561626190966522,2.9833992045784306,0.07801612287078805,-0.05932255752062902,0.049858240162467315,-0.27923285995500363,0.10111705191007304,driving,1.1999995335421394,0.10561626190966522
1.9849999999999797,0,0.10535168326292255,2.982778613806978,0.07827252309416143,-0.05961067116841244,0.04907983797521845,-0.2777391870048974,0.10072568929460224,driving,1.1999995325655064,0.10535168326292255
1.9899999999999796,0,0.09305879061682965,2.9823394478178726,0.07852909545795714,-0.059899117096997065,0.04910112413984196,-0.2782646974105249,0.10033304381731245,driving,1.1999995330058981,0.09305879061682965
1.9949999999999795,0,0.10551648163139027,2.9820109666045913,0.07877998767965459,-0.0601851549466584,0.04795074669144962,-0.27823100315835847,0.09993914387891417,driving,1.199999531826652,0.10551648163139027
1.9999999999999793,0,0.09862685046587882,2.9819570277747443,0.07902889145147846,-0.06046288406932355,0.047540558319477344,-0.2773450627706333,0.09954399942165677,driving,1.1999995313671974,0.09862685046587882
2.0049999999999795,0,0.09243291402948373,2.9819647554513393,0.0792759283170985,-0.06073525572549186,0.04715714438447849,-0.27700991829820976,0.09914761978007128,driving,1.1999995315331138,0.09243291402948373
2.0099999999999794,0,0.08893570481634361,2.982014965963301,0.0795208407314693,-0.06100534862874567,0.04672425054708287,-0.2772422823034799,0.09875001557641393,driving,1.199999532067562,0.08893570481634361
2.0149999999999793,0,0.08760517933806644,2.9821363802483494,0.07976342741548924,-0.06127527179079452,0.04625269508170557,-0.2778768551758385,0.09835119843933648,driving,1.199999532769101,0.08760517933806644
2.019999999999979,0,0.09740673800619293,2.9824160346619863,0.08000178364943986,-0.06155129349063838,0.045411512763716994,-0.27923737544499944,0.09795118952108929,driving,1.1999995323716057,0.09740673800619293
2.024999999999979,0,0.10003849130634179,2.982949716007787,0.08023589531792347,-0.06181660198480995,0.04455624353852555,-0.2781361234583883,0.09755001004449967,driving,1.1999995316387608,0.10003849130634179
2.029999999999979,0,0.09510671381456293,2.983285706243115,0.08046792997956202,-0.06207629729729309,0.044138095794219775,-0.27789190592721763,0.09714767039460187,driving,1.1999995314041405,0.09510671381456293
2.034999999999979,0,0.09152575040909783,2.983659100103409,0.08069786243490382,-0.06233364853471205,0.04371731813518647,-0.27811195602541733,0.09674418108242736,driving,1.1999995316600174,0.09152575040909783
2.0399999999999787,0,0.09922450560982765,2.9842574003759927,0.08092368107017692,-0.06259498426912533,0.04290536838723287,-0.27900204940183304,0.09633956267707647,driving,1.199999531097184,0.09922450560982765
2.0449999999999786,0,0.09990558381287751,2.9851934325243223,0.08114514970298345,-0.06284248719237873,0.042034632121083375,-0.27721433458152095,0.09593383692856156,driving,1.1999995304177062,0.09990558381287751
2.0499999999999785,0,0.09304237018283024,2.9859874990802684,0.08136441965678877,-0.06308151769624586,0.041597478917626315,-0.2763348540996408,0.09552701483027762,driving,1.1999995303772657,0.09304237018283024
2.0549999999999784,0,0.09169529925044861,2.9871693577688854,0.08158193803811696,-0.06333021508113475,0.04127342888754763,-0.277948977534555,0.09511910514008703,driving,1.1999995305685949,0.09169529925044861
2.0599999999999783,0,0.09338216478801731,2.988970994740339,0.08179484134633368,-0.06356642117049778,0.040363571358370896,-0.2762514883391105,0.09471013093335537,driving,1.1999995307111213,0.09338216478801731
2.064999999999978,0,0.08868283183445336,2.9905638541768345,0.08200514588317717,-0.06379542694216472,0.0398602144193367,-0.2756084687151071,0.09430010520393949,driving,1.1999995312828309,0.08868283183445336
2.069999999999978,0,0.09205039217851252,2.9917118111848526,0.08221077313599033,-0.06401417237223002,0.03893269992901192,-0.2746407853346442,0.09388905133825953,driving,1.1999995313565541,0.09205039217851252
2.074999999999978,0,0.08919416254618318,2.9925364145205893,0.08241381682866628,-0.06423012451379542,0.038427555502077826,-0.27479391629298205,0.0934769822541162,driving,1.1999995317938301,0.08919416254618318
2.079999999999978,0,0.0970724363848876,2.993516067437643,0.08261249904613814,-0.06445114380280957,0.03757771736470456,-0.27575081732143486,0.0930639197588855,driving,1.199999531502306,0.0970724363848876
2.0849999999999778,0,0.0913407411264967,2.9951694480155764,0.08280883886861955,-0.06466710400437643,0.0371309859403413,-0.27513365504824433,0.0926498755645424,driving,1.1999995320029153,0.0913407411264967
2.0899999999999777,0,0.09344708994432527,2.996702908671113,0.08300058318922729,-0.06487185699615378,0.03622296545333638,-0.2738458668728645,0.09223487264859627,driving,1.1999995321650867,0.09344708994432527
2.0949999999999775,0,0.09896868888926558,2.997963756555354,0.08318803895699096,-0.06507747518334972,0.035388381305730195,-0.27417438454085596,0.09181893245381131,driving,1.199999531598078,0.09896868888926558
2.0999999999999774,0,0.08351551089305143,2.9998356022135364,0.08337487532389302,-0.06527367539579942,0.03528764660751161,-0.2731006772707322,0.09140205807719184,driving,1.1999995316796046,0.08351551089305143
2.1049999999999773,0,0.08444976178332719,3.001352799660032,0.08355756156963079,-0.06546019652150709,0.03446528099660879,-0.27231477894391054,0.09098427026934369,driving,1.1999995331766604,0.08444976178332719
2.1099999999999772,0,0.09583042227109584,3.002044099835255,0.08373526431455247,-0.06565331471113554,0.03348643891510299,-0.2736489967884586,0.09056559394777093,driving,1.1999995334913682,0.09583042227109584
2.114999999999977,0,0.09126751551687551,3.003157972781374,0.08391049381498426,-0.06584324010008728,0.03300864608496805,-0.2733003832478126,0.09014604147869601,driving,1.1999995343283232,0.09126751551687551
2.119999999999977,0,0.1042969943601445,3.0042778691820784,0.08407924693712726,-0.06602934876335771,0.03172818892050029,-0.2727701355742614,0.08972564524401037,driving,1.1999995335617346,0.1042969943601445
2.124999999999977,0,0.09555347377626555,3.00564352783182,0.08424591654961408,-0.06620728143526923,0.031327153772653216,-0.2716130605286125,0.0893044156612623,driving,1.1999995336778209,0.09555347377626555
2.129999999999977,0,0.08808988161664888,3.0070457217214135,0.08441069215439834,-0.06638144622785999,0.03096494941756661,-0.2712589952119591,0.08888236220049031,driving,1.1999995345475436,0.08808988161664888
2.1349999999999767,0,0.10096806324952423,3.008142284651972,0.08456916851701218,-0.06655320464027217,0.029720616808977307,-0.27103773907849016,0.08845951635790525,driving,1.1999995338772087,0.10096806324952423
2.1399999999999766,0,0.08301206473973255,3.0092970006970985,0.08472748207167391,-0.06671389444923123,0.029696166619561426,-0.2698161529080746,0.08803587894754689,driving,1.1999995352449788,0.08301206473973255
2.1449999999999765,0,0.09889789987552888,3.009708246152717,0.08487931500253462,-0.06687619460280583,0.028407608157036454,-0.27038434941286654,0.08761148237253422,driving,1.1999995348798478,0.09889789987552888
2.1499999999999764,0,0.09287678718020498,3.01019898676509,0.08502907441288408,-0.0670356752624262,0.02800062120262587,-0.27015139506803093,0.0871863370004698,driving,1.1999995352352104,0.09287678718020498
2.1549999999999763,0,0.08778409316484725,3.01079436433199,0.08517693075980166,-0.06719555253843615,0.027627386097029756,-0.2704440166037146,0.08676045234667079,driving,1.1999995362583806,0.08778409316484725
2.159999999999976,0,0.09221406715238578,3.01113754234522,0.08532038082970675,-0.06735046133640098,0.026742244152623988,-0.2700993077124155,0.08633385044252226,driving,1.1999995367879837,0.09221406715238578
2.164999999999976,0,0.10004461284975374,3.011244692415758,0.0854597715198796,-0.06751214031168583,0.025935410489494645,-0.2712479500326851,0.08590655158492286,driving,1.1999995364924014,0.10004461284975374
2.169999999999976,0,0.09944319526643519,3.0115015377010788,0.0855952320763597,-0.06766312577911068,0.025143394852693176,-0.26972229691281685,0.08547857542454106,driving,1.1999995361743314,0.09944319526643519
2.174999999999976,0,0.09200302514225422,3.011526935618541,0.0857291213180749,-0.06781128737787662,0.024823931924065193,-0.26952050745072315,0.08504992981795068,driving,1.1999995365774319,0.09200302514225422
2.1799999999999757,0,0.08710887763190911,3.011498412985817,0.085861420916854,-0.06796139922742678,0.024500619762529,-0.2700877353838859,0.0846206227133664,driving,1.1999995375593828,0.08710887763190911
2.1849999999999756,0,0.10242803025803515,3.011232955454195,0.08598763017253522,-0.06811333748582199,0.0232748865103391,-0.2704737719148138,0.08419068456250373,driving,1.199999536876275,0.10242803025803515
2.1899999999999755,0,0.09618357908920616,3.0110162546420036,0.08611367847382187,-0.06827386904077903,0.023235821005717305,-0.2723157687262262,0.08376011617013461,driving,1.1999995366773817,0.09618357908920616
2.1949999999999754,0,0.09813468607512787,3.010467078357526,0.08623476928919768,-0.06841777101283934,0.022223837867403104,-0.2697447884675944,0.08332894232368862,driving,1.1999995366950142,0.09813468607512787
2.1999999999999753,0,0.09195205173449172,3.009676599981234,0.08635409974298225,-0.06855813548067417,0.021853642666102267,-0.2693783787284791,0.0828971718249737,driving,1.1999995372885246,0.09195205173449172
2.204999999999975,0,0.08757947961141466,3.008892809852658,0.08647190675611087,-0.06870077328374209,0.02153119030811582,-0.2699172857379919,0.08246481229119315,driving,1.1999995383084958,0.08757947961141466
2.209999999999975,0,0.10308808039887152,3.007933149306936,0.08658378403527685,-0.06884566378651168,0.02032508292743322,-0.2702969200015859,0.08203189337101677,driving,1.1999995375462842,0.10308808039887152
2.214999999999975,0,0.09504820194381369,3.007155055184142,0.08669444728463493,-0.06898715454161905,0.020062278289838784,-0.269818930138284,0.08159842113459359,driving,1.199999537480257,0.09504820194381369
2.219999999999975,0,0.0954806492504986,3.006097215202547,0.08680168090586357,-0.06912105626751483,0.019345853650635205,-0.2688894508129007,0.08116441273006428,driving,1.1999995371941783,0.0954806492504986
2.2249999999999748,0,0.08968462156470047,3.004712839452008,0.08690773003445236,-0.06925546883329395,0.019079419924056727,-0.2692436467109706,0.08072987407989202,driving,1.199999537411692,0.08968462156470047
2.2299999999999747,0,0.08568963978537714,3.0033392865953794,0.08701262694346655,-0.06939405546559256,0.01881923539932099,-0.27013574564736675,0.08029481094517468,driving,1.1999995380678896,0.08568963978537714
2.2349999999999746,0,0.09452744114031775,3.0021500676755846,0.08711426324358203,-0.06954409696435049,0.01814617768889442,-0.27189085554752807,0.07985923962895677,driving,1.1999995378244577,0.09452744114031775
2.2399999999999745,0,0.09627697641343347,3.001188468230333,0.08721243976640679,-0.06968637790090879,0.01742132551535009,-0.27085558293660295,0.07942317743012474,driving,1.1999995372890122,0.09627697641343347
2.2449999999999743,0,0.09029055026315269,2.9999544382562533,0.08730959416990659,-0.06982734048131059,0.01718617737872361,-0.2709370638049354,0.0789866294592752,driving,1.1999995372405408,0.09029055026315269
2.2499999999999742,0,0.10408274059832345,2.9983648554464857,0.08740141410969994,-0.06996865760817059,0.016088201061346542,-0.2710574855961695,0.0785496223887267,driving,1.1999995356637576,0.10408274059832345
2.254999999999974,0,0.09481194315912422,2.996955093058709,0.0874924628111836,-0.07010516780623383,0.015904560384842965,-0.2703163240491118,0.07811216007467078,driving,1.1999995350220416,0.09481194315912422
2.259999999999974,0,0.08731422735015515,2.995629776224284,0.08758273070616368,-0.07024059463249167,0.015720347226654455,-0.2702013058027195,0.07767424642113996,driving,1.1999995351936898,0.08731422735015515
2.264999999999974,0,0.0720832577318744,2.9942889489059015,0.08767390436610645,-0.0703720818850225,0.015863877075696437,-0.27007965308733145,0.07723587689930943,driving,1.199999536911547,0.0720832577318744
2.269999999999974,0,0.0873190809292852,2.9926227553196907,0.08776124731997757,-0.07051961984829944,0.01507130747610626,-0.27280004577520317,0.07679707066270954,driving,1.199999537200679,0.0873190809292852
2.2749999999999737,0,0.10432462533846343,2.9911789205315684,0.08784278681493247,-0.0706677159727073,0.01388130310919593,-0.2728313226659548,0.07635785672863488,driving,1.1999995356336552,0.10432462533846343
2.2799999999999736,0,0.09579228091027414,2.990069858755,0.08792347459264886,-0.07080916600466287,0.013683481879532874,-0.2717843409402246,0.07591823935567163,driving,1.199999534821624,0.09579228091027414
2.2849999999999735,0,0.08822667394513295,2.989033808298503,0.0880034810456423,-0.07094773747772976,0.01352201937268796,-0.27142043029943325,0.07547822195044342,driving,1.199999534702537,0.08822667394513295
2.2899999999999734,0,0.09243701015787031,2.987701188053532,0.08808001293613958,-0.0710802006803012,0.012791072261123762,-0.2708196613048423,0.07503782188576272,driving,1.1999995341540042,0.09243701015787031
2.2949999999999733,0,0.09905733599468858,2.9861347974156796,0.08815340420196183,-0.07121718575048117,0.012140540407492587,-0.27146630569639413,0.0745970548647529,driving,1.1999995328504665,0.09905733599468858
2.299999999999973,0,0.07293605524022684,2.985422616027317,0.08823036202053651,-0.07135232918867368,0.012834493907487369,-0.27126190280172574,0.07415590305465022,driving,1.1999995344051817,0.07293605524022684
2.304999999999973,0,0.09207492874702417,2.9845152602566825,0.08830139875070823,-0.07149087729925126,0.011628599980765956,-0.2718528608309984,0.07371439606089668,driving,1.1999995339404566,0.09207492874702417
2.309999999999973,0,0.08821459329629444,2.983813507786519,0.08837089880612063,-0.07162518169982196,0.011301332242526569,-0.27128447318705823,0.07327254156686608,driving,1.1999995337407585,0.08821459329629444
2.314999999999973,0,0.10281081954072724,2.982906476364038,0.08843484930994538,-0.07175657086463469,0.010172031340864687,-0.27084489659177985,0.07283036732031635,driving,1.199999531900721,0.10281081954072724
2.3199999999999728,0,0.09384977900933678,2.9822640912173863,0.08849780450511041,-0.07187946892692713,0.009957035810937077,-0.2694611631971361,0.0723878782977908,driving,1.1999995309890912,0.09384977900933678
2.3249999999999726,0,0.07790486568590371,2.982055798136759,0.08856236131111155,-0.07200528778384645,0.010277405216890684,-0.2697645750414013,0.07194506649123524,driving,1.1999995317160628,0.07790486568590371
2.3299999999999725,0,0.08329795520114325,2.981968151218134,0.08862289656594774,-0.07212386541423164,0.009459552067414135,-0.26875554284266745,0.07150195200840549,driving,1.1999995319636751,0.08329795520114325
2.3349999999999724,0,0.08174219961020368,2.981661717379662,0.08868149149574908,-0.07223999042790359,0.00906131135401475,-0.2685913117291745,0.07105854455092675,driving,1.199999532295835,0.08174219961020368
2.3399999999999723,0,0.08976723294065103,2.981388663253258,0.08873657890220839,-0.07236090874721,0.008363101361654215,-0.26920031536337125,0.07061486165641571,driving,1.1999995316320335,0.08976723294065103
2.344999999999972,0,0.09330489128873953,2.9814445768283413,0.08878770863463002,-0.07247104902276755,0.007562700852411747,-0.2676053253627153,0.07017092311324256,driving,1.1999995307572702,0.09330489128873953
2.349999999999972,0,0.07861041940647762,2.98168307005933,0.08883994710090255,-0.07258197312569348,0.007792822843280657,-0.26765603522278664,0.06972672337773805,driving,1.1999995312865128,0.07861041940647762
2.354999999999972,0,0.08416441624021842,2.982008815050604,0.08888811045002087,-0.07268577179878055,0.00697327714411931,-0.26670037551946707,0.06928228282548794,driving,1.1999995313522709,0.08416441624021842
2.359999999999972,0,0.09165702130783715,2.9821894703743843,0.08893260145650658,-0.07279200111761884,0.00624830564341081,-0.26697465427647354,0.06883761981820541,driving,1.1999995304380546,0.09165702130783715
2.364999999999972,0,0.08466216546717764,2.982948063244792,0.08897561228042021,-0.07289137582790595,0.005963474805137495,-0.26572458934732635,0.06839274175680331,driving,1.1999995303228668,0.08466216546717764
2.3699999999999717,0,0.08886197018200237,2.983612720855837,0.08901445154409829,-0.07298038957682662,0.005129314008858629,-0.26428112745131965,0.06794766949908282,driving,1.1999995299288921,0.08886197018200237
