# time, goalRoll, Torque, speed, roll, steer, rollrate, steerrate, intE, fsmstate, kickangle, Tdelayed
0.005,0,0.015039513970362479,108.71477026524435,-3.871068285548737e-06,1.9064346153903775e-05,-0.0007732427835454089,0.00036864267677968625,1.9355341427743684e-08,driving,1.0999998498746328,0.015039513970362479
0.01,0,20.535652675486855,1.9463070264663953,-0.23278295403608693,0.002383588191577874,-0.005289116712713954,0.5491442526160406,0.0011639341255218624,driving,1.1050001417822484,20.535652675486855
0.015,0,27.899971845559378,2.34072856345262,-0.23457180187057994,0.004313984835445308,-0.369902756257949,0.8125705120179048,0.002336793134874762,driving,1.1097497688804583,27.899971845559378
0.02,0,25.358802741721565,2.539014150697982,-0.23594967833609046,0.007725216057606886,-0.28963689542553733,1.0306586469366055,0.0035165415265552146,driving,1.1142621317096273,25.358802741721565
0.025,0,22.149660497648668,2.6512360353418107,-0.23682078188818434,0.012768593529366625,-0.18786562658526562,1.2546715740056706,0.004700645435996137,driving,1.1185489110867688,22.149660497648668
0.030000000000000002,0,19.02458515062177,2.746377416854988,-0.2372543614261266,0.019465917137632037,-0.09895594781990669,1.4905565269304795,0.00588691724312677,driving,1.1226213878297118,19.02458515062177
0.035,0,16.418204286677486,2.8443135347743165,-0.23741286483426033,0.02774567474471413,-0.04165661972111133,1.7396108569111286,0.007073981567298071,driving,1.1264902743829632,16.418204286677486
0.04,0,14.22102077234143,2.934996089367865,-0.23742169171409144,0.037520275656850545,-0.009340053023437902,1.9953118388195752,0.008261090025868528,driving,1.1301657357346282,14.22102077234143
0.045,0,12.293298726286569,2.9843624484164892,-0.23736145738114317,0.04867901344133438,0.006382861838878347,2.246917983287056,0.009447897312774244,driving,1.1336574315888737,12.293298726286569
0.049999999999999996,0,10.462714980847956,2.9983824190020454,-0.23726901814469634,0.06113149337157209,0.014145717975766445,2.491132790695954,0.010634242403497727,driving,1.1369745386038816,10.462714980847956
0.05499999999999999,0,8.72691354439406,3.004526789556201,-0.23718484721112532,0.07482452048260879,0.013659200598725217,2.7338429682927194,0.011820166639553353,driving,1.1401257903351327,8.72691354439406
0.05999999999999999,0,7.51113217011501,3.0272020978943983,-0.2372327760511831,0.08960044709274365,-0.01269786039799873,2.97100723767107,0.013006330519809269,driving,1.1431194434911947,7.51113217011501
0.06499999999999999,0,6.2198321115687705,3.030970228881643,-0.23740646877030436,0.10541869391396157,-0.0373179563192516,3.1975404227438293,0.01419336286366079,driving,1.1459634376168284,6.2198321115687705
0.06999999999999999,0,4.270332558388008,3.0312068708874156,-0.23756858239537604,0.12235179026589262,-0.03497671866903811,3.414582445656693,0.01538120577563767,driving,1.1486652337540346,4.270332558388008
0.075,0,2.2200658239957374,3.032160961163529,-0.23771561795448906,0.14040216547216766,-0.03196595257290529,3.6312471686444114,0.016569783865410116,driving,1.1512319413393877,2.2200658239957374
0.08,0,0.08305020845144107,3.0339552659136206,-0.23784770551566647,0.15956928194129788,-0.028969774497129865,3.847963222386152,0.01775902239298845,driving,1.1536703150520906,0.08305020845144107
0.085,0,-1.4466827017273207,3.036447693773713,-0.23796938355931302,0.17877653158972193,-0.026708904233397182,3.855163944061764,0.018948869310785016,driving,1.1559867715823198,-1.4466827017273207
0.09000000000000001,0,-2.2793761072645484,3.0395637313734998,-0.23808510393922594,0.19693654908081581,-0.025193324163787716,3.6508011353498624,0.020139294830481144,driving,1.1581874067483575,-2.2793761072645484
0.09500000000000001,0,-2.9670322441930397,3.0433897800071046,-0.23819543853118041,0.2139495001905442,-0.02380214594101939,3.4271123552160736,0.021330272023137045,driving,1.1602780116318125,-2.9670322441930397
0.10000000000000002,0,-3.5647216240983823,3.047957648415866,-0.23830076867638747,0.2298150624988217,-0.02251462514631369,3.203347605455229,0.022521775866518982,driving,1.1622640876761523,-3.5647216240983823
0.10500000000000002,0,-4.072333900319944,3.053274288803857,-0.23840145719997477,0.24453272337712598,-0.021326666496096637,2.979460389195762,0.023713783152518857,driving,1.1641508612378293,-4.072333900319944
0.11000000000000003,0,-4.49012978302785,3.05934055522056,-0.2384978474616247,0.2581022861586076,-0.020233761173533975,2.7555227625370575,0.02490627238982698,driving,1.1659432973588384,-4.49012978302785
0.11500000000000003,0,-2.3129752512721415,3.080288724859613,-0.23917884279678636,0.27028643750874176,-0.13635196380447526,2.591972203821838,0.02610216660381091,driving,1.1676460774140496,-2.3129752512721415
0.12000000000000004,0,-1.9892646669688805,3.101530336869981,-0.23999462192978038,0.2814204395441164,-0.1633768567562365,2.4169292673672174,0.02730213971345981,driving,1.1692637068068659,-1.9892646669688805
0.12500000000000003,0,-1.7359041019895827,3.1247704735996815,-0.24090599752675432,0.2915206810582293,-0.18246127115619082,2.2354809017391504,0.028506669701093584,driving,1.1708004685951596,-1.7359041019895827
0.13000000000000003,0,-8.356054699324611,3.0647060291821866,-0.23929644804755734,0.29159793159775715,0.32536324157099533,0.5504747262998608,0.02970315194133137,driving,1.1722602681375776,-8.356054699324611
0.13500000000000004,0,-15.696565549640257,3.060394922181084,-0.2359189748436778,0.28993953298335795,0.6792931318005635,0.31677789195553907,0.03088274681554976,driving,1.1736471169031784,-15.696565549640257
0.14000000000000004,0,-17.58737785428468,3.0842493656083976,-0.23205437923319716,0.28747486996399846,0.776996877502541,0.1754781375398346,0.03204301871171574,driving,1.1749646887532665,-17.58737785428468
0.14500000000000005,0,-16.65165324539034,3.096346955388157,-0.22825880797851716,0.28383350795411993,0.7641505385007771,-0.06234190076314372,0.033184312751608325,driving,1.1762164227068546,-16.65165324539034
0.15000000000000005,0,-14.70807263613153,3.09629897154624,-0.22474324122302414,0.279097584282259,0.7093219496329464,-0.2884679531182318,0.034308028957723447,driving,1.1774055924745122,-14.70807263613153
0.15500000000000005,0,-13.614487834226834,3.0932842088753856,-0.22123513720156454,0.2727906255062702,0.7091894089159005,-0.600549737156972,0.03541420464373127,driving,1.1785353034289185,-13.614487834226834
0.16000000000000006,0,-10.007799895220575,3.0512551983602334,-0.2182676780616479,0.26450681718968144,0.6024777016749591,-0.8921300620757223,0.03650554303403951,driving,1.1796085156815164,-10.007799895220575
0.16500000000000006,0,-8.583919297353113,3.010321628182922,-0.21530380511369046,0.2546190775898355,0.6020056717717909,-1.2030244272377304,0.037582062059607964,driving,1.1806280489093648,-8.583919297353113
0.17000000000000007,0,-7.350269885177833,3.008217156400171,-0.21229030359877887,0.24331198827510375,0.6115941232903611,-1.4893843216027798,0.03864351357760186,driving,1.18159661500534,-7.350269885177833
0.17500000000000007,0,-6.046345234774066,3.0188030064742764,-0.20922494262709082,0.23063588995510775,0.6213349880707685,-1.7667859849717147,0.039689638290737315,driving,1.1825167596509103,-6.046345234774066
0.18000000000000008,0,-2.853578275758615,3.0215082127637714,-0.20694062967965476,0.22016798863941783,0.46326429646874495,-1.4335002931728775,0.040724341439135586,driving,1.1833909029845961,-2.853578275758615
0.18500000000000008,0,-0.7201472883473423,3.015442988430351,-0.20499231424152764,0.21009381899542917,0.39506440499428813,-1.4312461037030695,0.04174930301034323,driving,1.184221326712265,-0.7201472883473423
0.19000000000000009,0,0.6327106410134009,3.007165524108866,-0.20321981524723381,0.20030186904614117,0.3595085163928054,-1.41198149407696,0.0427654020865794,driving,1.185010229379099,0.6327106410134009
0.1950000000000001,0,1.287722226256201,2.9992856054167087,-0.20158297803743702,0.1915258594564286,0.3322181322026294,-1.2350192637291837,0.043773316976766584,driving,1.1857596906484937,1.287722226256201
0.2000000000000001,0,1.5144980911842478,2.9935758250462507,-0.2000471259458894,0.1840599115903195,0.31198012794103136,-0.9947821159867603,0.04477355260649603,driving,1.1864716808680904,1.5144980911842478
0.2050000000000001,0,1.5015100667114152,2.9907155717215814,-0.1985970508781388,0.17802630649852502,0.2947757442925979,-0.7300544768598793,0.04576653786088672,driving,1.1871480715928207,1.5015100667114152
0.2100000000000001,0,1.3540574591709638,2.991147428257796,-0.19720925665444652,0.17328419000291523,0.28227811784546253,-0.4878819211576684,0.04675258414415895,driving,1.187790642635693,1.3540574591709638
0.2150000000000001,0,1.1095073283842076,2.9931380266202248,-0.19585076478558078,0.16957436131504572,0.27641006108922905,-0.2903997077367258,0.04773183796808685,driving,1.1884010829015244,1.1095073283842076
0.2200000000000001,0,0.892993142374319,2.9952316950077362,-0.19451835573031315,0.16669953472734078,0.2711651223918247,-0.12944841962337192,0.04870442974673842,driving,1.1889810004361105,0.892993142374319
0.22500000000000012,0,0.6841969788024199,2.996777529544912,-0.19319920874398266,0.1644444554868974,0.26851135353263156,-0.007776307931430554,0.049670425790458335,driving,1.1895319212427071,0.6841969788024199
0.23000000000000012,0,0.5370541990835909,2.997012832931031,-0.191898827706467,0.16268133759783507,0.2647426661280032,0.08821752751827527,0.05062991992899067,driving,1.1900552971621725,0.5370541990835909
0.23500000000000013,0,0.40613884496063885,2.9963894205446806,-0.19061050548883288,0.16127498336338328,0.2623468461855382,0.1585490349042389,0.05158297245643484,driving,1.1905525054934119,0.40613884496063885
0.24000000000000013,0,0.273297294504361,2.9944771030443817,-0.18932760229759046,0.1601430928881602,0.2612987937872403,0.21180168588934178,0.05252961046792279,driving,1.1910248528698588,0.273297294504361
0.24500000000000013,0,0.18994731445364577,2.992164298448806,-0.18805549695341475,0.1592186046668611,0.2591765950459858,0.25075778891961387,0.053469887952689865,driving,1.1914735835256915,0.18994731445364577
0.2500000000000001,0,0.10771907923878377,2.9899158670270687,-0.18678812864874525,0.15843037928858186,0.2582939825046524,0.276092851216272,0.05440382859593359,driving,1.1918998772507465,0.10771907923878377
0.2550000000000001,0,0.048297224292820906,2.987805491304538,-0.18552792495982937,0.15774998931905043,0.25691142677633155,0.29457140853585834,0.05533146822073273,driving,1.1923048557453102,0.048297224292820906
0.2600000000000001,0,0.026848550595778287,2.986566327290042,-0.18427873844835346,0.15713006116937764,0.25475829345465156,0.30437869595610145,0.0562528619129745,driving,1.1926895863565605,0.026848550595778287
0.2650000000000001,0,-0.027274850353579794,2.985491623691041,-0.18303085881135375,0.1565466784161741,0.25454759671587257,0.3095081506424685,0.05716801620703127,driving,1.1930550789845822,-0.027274850353579794
0.27000000000000013,0,-0.026534834050679135,2.9847165204717045,-0.1817932554669776,0.15597072983328958,0.25253556485166406,0.3094936862794122,0.05807698248436616,driving,1.1934022981787547,-0.026534834050679135
0.27500000000000013,0,-0.045047617475919455,2.9837974166762673,-0.1805598879160331,0.15538737335309954,0.2517445696016515,0.30702613977980864,0.058979781923946324,driving,1.193732156362499,-0.045047617475919455
0.28000000000000014,0,-0.04224609079697583,2.9825823238817537,-0.17933550152022068,0.15480134789419367,0.24999440239867302,0.3048779287985247,0.05987645943154743,driving,1.194045522460965,-0.04224609079697583
0.28500000000000014,0,-0.03878408469981742,2.9814104533740227,-0.1781203695731544,0.1542170865834806,0.24818130252241044,0.30319079509432173,0.060767061279413205,driving,1.1943432209145568,-0.03878408469981742
0.29000000000000015,0,-0.05618236867012871,2.9804002571529167,-0.17691107812665638,0.153649239467948,0.24702440814756396,0.3033807557779046,0.06165161667004649,driving,1.1946260336821544,-0.05618236867012871
0.29500000000000015,0,-0.06583572807756932,2.979818063989274,-0.17570578368702383,0.15306267433656465,0.2462535821860472,0.29842540556549196,0.0625301455884816,driving,1.194894705606058,-0.06583572807756932
0.30000000000000016,0,-0.05877696212626371,2.97907447536082,-0.17450888966076128,0.152467046022958,0.24459109805034923,0.2950324457417245,0.0634026900367854,driving,1.1951499446258946,-0.05877696212626371
0.30500000000000016,0,-0.07198410006858791,2.9781002212770344,-0.17331510441020068,0.1518565705956511,0.24400138952848605,0.29086530401695293,0.06426926555883641,driving,1.1953924212965068,-0.07198410006858791
0.31000000000000016,0,-0.08287732787110802,2.976905747356523,-0.1721264104195818,0.15125107028787385,0.24298722782960144,0.28916599920167074,0.06512989761093432,driving,1.1956227735566718,-0.08287732787110802
0.31500000000000017,0,-0.06616156467111312,2.9763341271147006,-0.1709473976729389,0.1506370975764671,0.24104952336671023,0.2854523125243342,0.06598463459929901,driving,1.1958416092804214,-0.06616156467111312
0.3200000000000002,0,-0.07727386788375479,2.975848310157458,-0.1697714085851338,0.15000957801286258,0.24045966374484334,0.2814331379241022,0.06683349164222468,driving,1.1960495029765834,-0.07727386788375479
0.3250000000000002,0,-0.07124040982709579,2.9751948480430004,-0.16860262650635438,0.14937538610756082,0.23902510345481048,0.2783552566451001,0.06767650477475645,driving,1.1962470026399927,-0.07124040982709579
0.3300000000000002,0,-0.06520418833058406,2.9746699696181333,-0.16744133740785788,0.1487397613741925,0.23752684002261676,0.27600672168616114,0.06851371146179575,driving,1.1964346278655498,-0.06520418833058406
0.3350000000000002,0,-0.08039520215545515,2.9743875455911106,-0.1662840948134588,0.1481176394420501,0.23669246484945716,0.2756278076829508,0.06934513193586304,driving,1.1966128709894932,-0.08039520215545515
0.3400000000000002,0,-0.08680009144655865,2.9746090261343263,-0.16512965835122143,0.1474765851571045,0.2361254720747073,0.27063401566336304,0.07017078022761915,driving,1.1967822017406304,-0.08680009144655865
0.3450000000000002,0,-0.09827293726957598,2.9747376257142255,-0.1639785223620012,0.14683742164974364,0.23542862440130782,0.26842647183743795,0.07099067283942916,driving,1.1969430654338522,-0.09827293726957598
0.3500000000000002,0,-0.0803990905145272,2.9754069868069237,-0.1628353869977236,0.14618457490672887,0.2337845512159429,0.2638650922660326,0.07180484977441777,driving,1.1970958870938544,-0.0803990905145272
0.3550000000000002,0,-0.0737730222379962,2.9760502947853524,-0.16169660324774585,0.14550499713199996,0.2329030085601494,0.2581622418011807,0.0726133327906565,driving,1.197241068658902,-0.0737730222379962
0.3600000000000002,0,-0.08941504848179382,2.975901300179,-0.16056027863614564,0.1448337632031385,0.23237280540743355,0.2573517657301813,0.07341613418383723,driving,1.197378990131297,-0.08941504848179382
0.3650000000000002,0,-0.07959868594240005,2.976285165655845,-0.15943050663152505,0.14415775741842377,0.23101922014984208,0.2543040844311463,0.07421328671699486,driving,1.1975100162436627,-0.07959868594240005
0.3700000000000002,0,-0.09398010486838304,2.977033379746098,-0.15830343531412783,0.14349404093106785,0.23041082640005095,0.2536245858647636,0.0750048038935655,driving,1.1976344903442557,-0.09398010486838304
0.3750000000000002,0,-0.09865076519331872,2.9782642237912267,-0.15717800385803016,0.14280992775565646,0.23003386732741596,0.24828706635011297,0.07579069391285564,driving,1.1977527406531692,-0.09865076519331872
0.3800000000000002,0,-0.08846357468056665,2.9793455122631762,-0.15605808183061995,0.14211370453848648,0.2288744638923374,0.24430272485838234,0.07657098432200875,driving,1.1978650792193888,-0.08846357468056665
0.38500000000000023,0,-0.08042101399438673,2.98042867485422,-0.15494376970186713,0.14141334541736458,0.2276878459776588,0.241532993222217,0.07734570317051809,driving,1.197971801467195,-0.08042101399438673
0.39000000000000024,0,-0.11308152361184842,2.9813842106142094,-0.1538264167030264,0.14071426926571234,0.22822880188549396,0.23940099748256638,0.07811483525403322,driving,1.1980731858549776,-0.11308152361184842
0.39500000000000024,0,-0.09882703816826877,2.9826480901483805,-0.1527145041250346,0.14000017237090007,0.22706919008995816,0.2345835537128843,0.07887840777465839,driving,1.198169502043294,-0.09882703816826877
0.40000000000000024,0,-0.08660746739634428,2.9840776530330224,-0.1516082175852626,0.13927897606968817,0.22586713670252628,0.23113968024196369,0.0796364488625847,driving,1.1982610032478862,-0.08660746739634428
0.40500000000000025,0,-0.09718514912662446,2.9853939525974336,-0.1505021220919144,0.13854620469119205,0.2257688442471098,0.22738546911877908,0.08038895947304427,driving,1.1983479289640118,-0.09718514912662446
0.41000000000000025,0,-0.09220292511506212,2.9865003691481324,-0.14940001649647525,0.13780804985214906,0.22490624716239935,0.22436480837577297,0.08113595955552665,driving,1.198430508909021,-0.09220292511506212
0.41500000000000026,0,-0.12083771592546455,2.9874788572992372,-0.14829479255881786,0.1370700273242447,0.22546523609927627,0.2219113493796716,0.08187743351832073,driving,1.1985089581903108,-0.12083771592546455
0.42000000000000026,0,-0.10418980109681719,2.9888479015081417,-0.1471947178885995,0.13631730146439547,0.22436869148469915,0.21697709254155412,0.08261340710776373,driving,1.1985834860892002,-0.10418980109681719
0.42500000000000027,0,-0.08975443440187358,2.990459143792333,-0.14609998497050194,0.1355578936760758,0.22323029268655442,0.2134529255186116,0.08334390703261624,driving,1.1986542884579563,-0.08975443440187358
0.43000000000000027,0,-0.0996817511696323,2.9922058989289333,-0.1450068698395491,0.13480992740636913,0.22281670708781165,0.21250507885791614,0.08406894138181398,driving,1.1987215500413624,-0.0996817511696323
0.4350000000000003,0,-0.09704101722619185,2.9945682008550754,-0.14391553072699323,0.13404473578558948,0.22238326753909124,0.20777264109223056,0.08478851903544894,driving,1.1987854477870004,-0.09704101722619185
0.4400000000000003,0,-0.09170118333221478,2.996527949068639,-0.14282740480134187,0.1332736433914232,0.22165674668068658,0.20460403040757696,0.08550265605945565,driving,1.198846152397336,-0.09170118333221478
0.4450000000000003,0,-0.103864486649477,2.997918575268427,-0.1417381056944667,0.13249244830944754,0.22182271341832954,0.20082788763860085,0.08621134658792798,driving,1.1989038213822139,-0.103864486649477
0.4500000000000003,0,-0.09755545192536896,2.998914193685008,-0.14065202192422582,0.13170667274385442,0.22110972295612397,0.19760644411879957,0.08691460669754911,driving,1.1989586074177592,-0.09755545192536896
0.4550000000000003,0,-0.10789692190014266,2.9997326360374106,-0.13956539748723157,0.13091473759092226,0.2211660423577529,0.1943526995068054,0.08761243368498527,driving,1.1990106536471707,-0.10789692190014266
0.4600000000000003,0,-0.11328626260563335,3.0003912302032063,-0.13848037841702707,0.13012968409086303,0.22078115604782703,0.1926077924485476,0.0883048355770704,driving,1.1990600968801512,-0.11328626260563335
0.4650000000000003,0,-0.11318852372585098,3.0014854478742086,-0.1373964909118154,0.12933297685676365,0.22050919431738486,0.1883658702183461,0.08899181803162948,driving,1.199107067970347,-0.11318852372585098
0.4700000000000003,0,-0.11674503842481465,3.0025004444111,-0.13631431020874396,0.12854140820434207,0.22010692911807375,0.18627863203374867,0.0896733895826732,driving,1.1991516901790125,-0.11674503842481465
0.4750000000000003,0,-0.11432663513331076,3.0038134905992906,-0.1352332755327075,0.12773527028254308,0.21983239365050566,0.18148372498109788,0.09034955596033672,driving,1.1991940815795268,-0.11432663513331076
0.4800000000000003,0,-0.09944913171655145,3.0048993327073616,-0.13415665873285518,0.12692163677105459,0.2189015773616323,0.17773407183062784,0.091020339254001,driving,1.1992343544247683,-0.09944913171655145
0.4850000000000003,0,-0.08871942455766574,3.0059117149301726,-0.13308452692944256,0.12611078854850746,0.21795499783264663,0.17558344286304828,0.09168576188864822,driving,1.1992726143837518,-0.08871942455766574
0.4900000000000003,0,-0.0831132054064635,3.0069152697405293,-0.13201640624202002,0.12530812443428951,0.21710247969628488,0.17435203926953002,0.09234584391985831,driving,1.199308961781611,-0.0831132054064635
0.49500000000000033,0,-0.09891215456061597,3.0076751341535695,-0.13094687424975174,0.12450458484831596,0.217351179909188,0.17198904830918255,0.09300057829110707,driving,1.1993434910716025,-0.09891215456061597
0.5000000000000003,0,-0.1238922973545854,3.0077855666550817,-0.12987460556961,0.12370609222853204,0.2178679622092469,0.17049444064929786,0.09364995131895512,driving,1.1993762920466082,-0.1238922973545854
0.5050000000000003,0,-0.1274347942020556,3.007770367302477,-0.12880283713750101,0.12289771962385536,0.21775212020908416,0.1666544788208181,0.09429396550464263,driving,1.1994074530141083,-0.1274347942020556
0.5100000000000003,0,-0.11475439582039787,3.0075257240594633,-0.12773549225874964,0.1220859370205483,0.21685210030144203,0.16342453278368324,0.09493264296593637,driving,1.1994370569765334,-0.11475439582039787
0.5150000000000003,0,-0.10180761654745674,3.0073554587376585,-0.1266732258874665,0.12127741732667864,0.2158223607113477,0.1611356443594531,0.0955660090953737,driving,1.1994651815828516,-0.10180761654745674
0.5200000000000004,0,-0.1215211372607713,3.007062261085625,-0.1256094522659185,0.12047625088793534,0.21611575289711574,0.15969842002686263,0.09619405635670329,driving,1.1994918983685698,-0.1215211372607713
0.5250000000000004,0,-0.10767318397735909,3.0070164252506526,-0.12455060035644902,0.11967299544492858,0.2151221884966325,0.15666931638392217,0.09681680935848554,driving,1.1995172802852896,-0.10767318397735909
0.5300000000000004,0,-0.09795299241114697,3.0070523361758865,-0.12349645730099347,0.11887447506600356,0.21416887660826647,0.15474465913354035,0.0974342916449905,driving,1.1995413938607131,-0.09795299241114697
0.5350000000000004,0,-0.10989760483913064,3.0068171642892527,-0.12244194057795692,0.11807514247606223,0.21424745310019275,0.15235217323236838,0.09804650134788029,driving,1.1995643012394512,-0.10989760483913064
0.5400000000000004,0,-0.10423197599062523,3.0061794228661607,-0.12139142760824086,0.11728007037627419,0.21344896876875147,0.15058306939445992,0.0986534584859215,driving,1.1995860636449531,-0.10423197599062523
0.5450000000000004,0,-0.1279285389424647,3.005224402240415,-0.12033907942236614,0.11649438643571222,0.21382182193784785,0.14962798421140477,0.09925515388303333,driving,1.1996067361662148,-0.1279285389424647
0.5500000000000004,0,-0.13396811390303115,3.004217618634933,-0.11928750641686117,0.1157035848211633,0.21368618644446782,0.14656272351795036,0.09985159141511764,driving,1.1996263750165246,-0.13396811390303115
0.5550000000000004,0,-0.12289652888850355,3.0029706717262803,-0.11824061809217949,0.11491154307100064,0.21276744656078098,0.1437337180253067,0.10044279450557854,driving,1.1996450328601658,-0.12289652888850355
0.5600000000000004,0,-0.11243632275790777,3.0017606974313864,-0.1171986975061218,0.11412331923930907,0.21179160722610546,0.14156734133989818,0.10102878799310915,driving,1.19966275855306,-0.11243632275790777
0.5650000000000004,0,-0.10571931302376208,3.0006874502217986,-0.11616132643340404,0.11334199176277916,0.21089959529374017,0.13996514803314986,0.10160959462527616,driving,1.1996795983917343,-0.10571931302376208
0.5700000000000004,0,-0.11530653976199029,2.999721983683149,-0.11512609242111213,0.11257843294794294,0.21047686035828356,0.13994560678436435,0.10218522508738172,driving,1.199695595258199,-0.11530653976199029
0.5750000000000004,0,-0.12376781267838555,2.999030179507542,-0.11409147751956238,0.11181122404178223,0.21037216374590564,0.1371197401783172,0.10275568247497953,driving,1.199710791865324,-0.12376781267838555
0.5800000000000004,0,-0.1494852652143051,2.9977919145372707,-0.11305462515779374,0.11104911130113161,0.21083681456116318,0.13566067961068146,0.1033209556007685,driving,1.1997252270535042,-0.1494852652143051
0.5850000000000004,0,-0.12434897410610096,2.996572324327049,-0.11202468657340219,0.11027327110795125,0.20947863375251805,0.1311109429575222,0.10388107903363551,driving,1.1997389427785374,-0.12434897410610096
0.5900000000000004,0,-0.11945558755707864,2.9949049287323075,-0.11099903566920354,0.10950334598906879,0.20864304269253273,0.12953033247258036,0.10443607421198153,driving,1.1997519731336217,-0.11945558755707864
0.5950000000000004,0,-0.12897741955197906,2.993244274762718,-0.10997548177126125,0.10874965194912221,0.20823298372087656,0.12925320214659972,0.10498595162083783,driving,1.199764350997847,-0.12897741955197906
0.6000000000000004,0,-0.1384952807507956,2.9919716182936997,-0.10895252147458963,0.10799339540803103,0.2081394520273773,0.12654642547351364,0.10553071422821078,driving,1.199776109578375,-0.1384952807507956
0.6050000000000004,0,-0.13416588189141038,2.9905747622409895,-0.10793341865963992,0.10723752151059102,0.2073891455220264,0.1241654485869913,0.10607038132150898,driving,1.1997872807480934,-0.13416588189141038
0.6100000000000004,0,-0.14241010831875445,2.98919271899625,-0.10691622156499689,0.10649242744333312,0.20701304938641776,0.12298322746080113,0.10660496242933397,driving,1.199797892634007,-0.14241010831875445
0.6150000000000004,0,-0.13262242792092632,2.9883586108636937,-0.1059035832050513,0.1057446760906376,0.20610390703177756,0.11977796835810114,0.10713448034535923,driving,1.1998079746722616,-0.13262242792092632
0.6200000000000004,0,-0.14304725799122736,2.9874247163333933,-0.10489125663992897,0.1049929725671853,0.206057102472341,0.11702651677406939,0.10765893662855888,driving,1.1998175521515104,-0.14304725799122736
0.6250000000000004,0,-0.14033937922203282,2.986139059653788,-0.10388233781233097,0.10424087185460434,0.20538583727559517,0.1146086555579007,0.10817834831762053,driving,1.1998266511790556,-0.14033937922203282
0.6300000000000004,0,-0.13701655749485675,2.984828085366334,-0.10287705029303448,0.10349060872770453,0.2046664282215671,0.11236575595797782,0.10869273356908571,driving,1.1998352956287153,-0.13701655749485675
0.6350000000000005,0,-0.1478986502700636,2.9836509080120543,-0.1018731318266014,0.102751932917308,0.2043843597550198,0.111363525425623,0.10920209922821872,driving,1.199843506918289,-0.1478986502700636
0.6400000000000005,0,-0.15685699287293808,2.9828629487969662,-0.10086956574797883,0.10200710631133741,0.20432072474585689,0.10811317446624005,0.10970644705695862,driving,1.19985130731252,-0.15685699287293808
0.6450000000000005,0,-0.15207436270158708,2.981943014561754,-0.09986939992279242,0.10125802891604867,0.20364249051975747,0.10500906573191081,0.11020579405657258,driving,1.1998587182537752,-0.15207436270158708
0.6500000000000005,0,-0.1469756936100895,2.9810674080807162,-0.09887273243894003,0.10050683172977777,0.20294088825879078,0.10209519493566856,0.11070015771876728,driving,1.199865759129649,-0.1469756936100895
0.6550000000000005,0,-0.15534716291286288,2.980338679931347,-0.09787739543956889,0.09976308664528014,0.2026574542704434,0.10042585433356628,0.11118954469596512,driving,1.199872447098594,-0.15534716291286288
0.6600000000000005,0,-0.1473819139604703,2.980265264763817,-0.09688568890498854,0.09901389324140182,0.20191200205853696,0.09682324645268985,0.11167397314049006,driving,1.1998788013378756,-0.1473819139604703
0.6650000000000005,0,-0.14220443248656328,2.9803817335745197,-0.09589724959681149,0.09826155436116189,0.20123552398722436,0.09379963307675042,0.11215345938847411,driving,1.1998848382744485,-0.14220443248656328
0.6700000000000005,0,-0.15616419737250348,2.9802566827923482,-0.09490825887269386,0.09750679697247298,0.2013348255282794,0.09146149525970385,0.11262800068283758,driving,1.1998905726474143,-0.15616419737250348
0.6750000000000005,0,-0.1668835436325119,2.9798051238008445,-0.09391997250158642,0.09675797623814414,0.20116534771970715,0.08988726606534467,0.11309760054534551,driving,1.1998960194081927,-0.1668835436325119
0.6800000000000005,0,-0.15890930884001922,2.979898493882711,-0.09293506659095058,0.09600269820247403,0.20045755762422668,0.08616962334647923,0.11356227587830027,driving,1.1999011946836733,-0.15890930884001922
0.6850000000000005,0,-0.15245186100001856,2.9802407231382944,-0.0919532822265206,0.09524250633156052,0.19979873382350694,0.08278438921516854,0.11402204228943287,driving,1.19990611179047,-0.15245186100001856
0.6900000000000005,0,-0.14871177589089868,2.9806971656341386,-0.09097418799610761,0.09447951126058363,0.19922373487567005,0.07981159470909818,0.1144769132294134,driving,1.1999107833814617,-0.14871177589089868
0.6950000000000005,0,-0.15740981913459326,2.98120142910722,-0.08999588203858741,0.09372289636671394,0.19901503018860184,0.07814103388536377,0.11492689263960634,driving,1.1999152203794852,-0.15740981913459326
0.7000000000000005,0,-0.16753988482442508,2.982020850434031,-0.08901716832566042,0.09296058860040957,0.19905842356756892,0.07510596692963235,0.11537197848123465,driving,1.1999194352193687,-0.16753988482442508
0.7050000000000005,0,-0.1639388641806258,2.9826399429377255,-0.0880408101813829,0.09219229895990219,0.19854469805745817,0.07178692737074122,0.11581218253214157,driving,1.199923439901744,-0.1639388641806258
0.7100000000000005,0,-0.15901569357592898,2.983263031142701,-0.08706700211043672,0.09141931850332713,0.19798929349852887,0.06848908728356104,0.11624751754269375,driving,1.199927244864629,-0.15901569357592898
0.7150000000000005,0,-0.16478922977383198,2.9839840773959785,-0.0860940642263153,0.0906500642530305,0.19775747854116046,0.06629029021282079,0.11667798786382533,driving,1.1999308587460673,-0.16478922977383198
0.7200000000000005,0,-0.1729321130043644,2.985106436496156,-0.08512075995301915,0.08987429348055778,0.19778604964246854,0.06301550481153496,0.11710359166359043,driving,1.19993429175455,-0.1729321130043644
0.7250000000000005,0,-0.16756285011273114,2.98609266615127,-0.08414965408752002,0.08909062270693699,0.197298655305661,0.059258370835687746,0.11752433993402803,driving,1.1999375537830956,-0.16756285011273114
0.7300000000000005,0,-0.14673358686200477,2.9873613752571964,-0.08318408728300844,0.08830320300661311,0.19612760827830936,0.05561916960439478,0.11794026037044307,driving,1.1999406541570927,-0.14673358686200477
0.7350000000000005,0,-0.1647790455656417,2.988786978880766,-0.08221646815922469,0.08751869385370631,0.19647875466564635,0.05356499499771625,0.11835134271123919,driving,1.199943597633493,-0.1647790455656417
0.7400000000000005,0,-0.1751145541964168,2.9902584494794917,-0.08124801480740985,0.08672891380747749,0.19659700440287406,0.050699555922068054,0.11875758278527623,driving,1.1999463936530077,-0.1751145541964168
0.7450000000000006,0,-0.1548252598071092,2.9916905224436507,-0.08028465549851078,0.08593245710991868,0.19551341964238106,0.04673591617733451,0.11915900606276879,driving,1.1999490514903073,-0.1548252598071092
0.7500000000000006,0,-0.16163527717322035,2.993171820441856,-0.07932102970839243,0.08513244935228871,0.1955143423096761,0.043881366602624206,0.11955561121131075,driving,1.199951575997125,-0.16163527717322035
0.7550000000000006,0,-0.16751960374631553,2.994407778514519,-0.07835790892129857,0.08433614575055934,0.19535028523337017,0.041849500504728646,0.11994740075591724,driving,1.1999539734160853,-0.16751960374631553
0.7600000000000006,0,-0.1740222505881829,2.995893483756277,-0.07739463806207306,0.08353566418711553,0.19532853032246952,0.03899345044839274,0.1203343739462276,driving,1.1999562508979265,-0.1740222505881829
0.7650000000000006,0,-0.16748002655395386,2.9971950249614174,-0.07643357636454992,0.0827287982177324,0.19483362577221605,0.03544396659265624,0.12071654182805036,driving,1.199958415272061,-0.16748002655395386
0.7700000000000006,0,-0.15855101490277262,2.9985272500355493,-0.07547510841474936,0.08191616131829814,0.19426165641842857,0.031847931839200885,0.12109391737012411,driving,1.1999604720183665,-0.15855101490277262
0.7750000000000006,0,-0.16180123315753664,2.999911054440974,-0.07451745044844102,0.08110786942387384,0.1940375976775518,0.029664782331417172,0.12146650462236631,driving,1.1999624252374987,-0.16180123315753664
0.7800000000000006,0,-0.16737220928212898,3.0015925847996567,-0.07355970858008645,0.08029629095251029,0.1940038306642775,0.02685656173078177,0.12183430316526675,driving,1.1999642806417024,-0.16737220928212898
0.7850000000000006,0,-0.16116167059673298,3.003022977558381,-0.07260411006091778,0.07947982230238897,0.1935237425755397,0.02354611689841249,0.12219732371557133,driving,1.1999660439228854,-0.16116167059673298
0.7900000000000006,0,-0.15417843884818652,3.0043591741238234,-0.07165091202167946,0.07866065569190027,0.1929920183962024,0.020468155277068786,0.12255557827567973,driving,1.1999677195716163,-0.15417843884818652
0.7950000000000006,0,-0.1633451505394312,3.005428568169701,-0.07069752818182895,0.07784428030204656,0.19298879563815807,0.018825921776508547,0.12290906591658887,driving,1.199969310862887,-0.1633451505394312
0.8000000000000006,0,-0.1682307505186503,3.006167484343176,-0.06974499001852923,0.0770337788870902,0.19277234185785094,0.017156210734772137,0.12325779086668152,driving,1.199970821781839,-0.1682307505186503
0.8050000000000006,0,-0.17397341985878853,3.007153502277793,-0.06879284448250515,0.07622335040008292,0.19265696327354417,0.014969661972483131,0.12360175508909405,driving,1.1999722571076865,-0.17397341985878853
0.8100000000000006,0,-0.16734918619789863,3.0079630590661206,-0.06784312082023593,0.07540891325615812,0.1921362117205404,0.011739176140433724,0.12394097069319522,driving,1.1999736214525762,-0.16734918619789863
0.8150000000000006,0,-0.16650523896169467,3.0087240370683928,-0.06689489604111519,0.07459635480652382,0.19179294980833475,0.009091569296945948,0.12427544517340079,driving,1.1999749170701566,-0.16650523896169467
0.8200000000000006,0,-0.15519709891784386,3.0100006863181035,-0.06594981121696515,0.07377921294831265,0.19112145150337,0.005495436838525797,0.12460519422948561,driving,1.19997614880699,-0.15519709891784386
0.8250000000000006,0,-0.16115102476299148,3.011030499383628,-0.06500509005900004,0.07296314288261185,0.1910147924309498,0.0035039757317411324,0.12493021967978062,driving,1.199977318630971,-0.16115102476299148
0.8300000000000006,0,-0.1569051643155172,3.0115692903707223,-0.06406273932398071,0.07214733852158317,0.19050653378161397,0.0010844123683369095,0.12525053337640052,driving,1.1999784304313679,-0.1569051643155172
0.8350000000000006,0,-0.16675899885886308,3.0116568629246174,-0.06312064984155888,0.07133774333932322,0.1904302045446306,5.553610819432342e-05,0.1255661366256083,driving,1.199979486133927,-0.16675899885886308
0.8400000000000006,0,-0.16410924495298687,3.0113872009261518,-0.06218098212577712,0.0705304898021923,0.18992342328761633,-0.0020411596286480232,0.1258770415362372,driving,1.1999804894578652,-0.16410924495298687
0.8450000000000006,0,-0.1811510566739796,3.0108331040543588,-0.06124067050649434,0.0697348665813253,0.19003407009122428,-0.002415134306025607,0.12618324488876967,driving,1.1999814409442826,-0.1811510566739796
0.8500000000000006,0,-0.17389961392655343,3.0105887416331227,-0.06030332352177719,0.06893621079678983,0.18942434154033574,-0.00558163665051678,0.12648476150637855,driving,1.1999823457630898,-0.17389961392655343
0.8550000000000006,0,-0.16469780749210064,3.010478123755343,-0.059369069861236023,0.06813339519235732,0.1887896079972139,-0.00907934685547751,0.12678160685568474,driving,1.1999832061055915,-0.16469780749210064
0.8600000000000007,0,-0.17391670170597304,3.0100268217775317,-0.05843711676950467,0.06734918881471,0.18832219323770708,-0.007868118978071104,0.12707379243953226,driving,1.1999840226315512,-0.17391670170597304
0.8650000000000007,0,-0.176155760476211,3.0091744214368945,-0.05750537114157188,0.06655686343894242,0.18827208481375968,-0.012207659987922642,0.1273613192952401,driving,1.1999847979757992,-0.176155760476211
0.8700000000000007,0,-0.16463231599337624,3.0089599179696687,-0.05657673791814824,0.06575585212029371,0.18763811480219156,-0.016546577653914596,0.12764420298483084,driving,1.1999855354997309,-0.16463231599337624
0.8750000000000007,0,-0.15539813696032573,3.008872901761222,-0.05565131893579817,0.06495202734977466,0.18698174648621146,-0.01977884896835498,0.12792245957950982,driving,1.1999862366909813,-0.15539813696032573
0.8800000000000007,0,-0.16332312645532268,3.0083985733595973,-0.05472690552443679,0.06415528821957042,0.1867746123951634,-0.020682366742550987,0.128196094107132,driving,1.1999869021703096,-0.16332312645532268
0.8850000000000007,0,-0.16821518207952188,3.007399239738959,-0.05380424458761933,0.06336768237493058,0.18641120056387145,-0.021678075135679084,0.1284651153300701,driving,1.199987533462234,-0.16821518207952188
0.8900000000000007,0,-0.17048541906394854,3.0065036802580116,-0.05288367319034702,0.06258238237615531,0.18599402007299073,-0.023204145665071743,0.12872953369602183,driving,1.1999881341708183,-0.17048541906394854
0.8950000000000007,0,-0.1769223522029992,3.0048164956025047,-0.05196480738296668,0.061806709842151676,0.18564770276890133,-0.024075373761493532,0.12898935773293665,driving,1.1999887038923793,-0.1769223522029992
0.9000000000000007,0,-0.1718742504177333,3.0035451665882245,-0.05104907708086363,0.06103116861275739,0.1850155197394125,-0.02671031504501588,0.12924460311834096,driving,1.19998924580462,-0.1718742504177333
0.9050000000000007,0,-0.18066814637749937,3.002166067289453,-0.050134365755574825,0.060260750065877056,0.18481507133339115,-0.02799372038178255,0.12949527494711885,driving,1.1999897601818772,-0.18066814637749937
0.9100000000000007,0,-0.18414201872666425,3.0004944119070704,-0.049221585708446966,0.0594951108919242,0.18442586330381994,-0.029796022013450274,0.1297413828756611,driving,1.19999024810176,-0.18414201872666425
0.9150000000000007,0,-0.17689942242345263,2.9993508994012172,-0.048312088593994114,0.05872589474796195,0.18376518922647317,-0.03309939033229764,0.12998294331863106,driving,1.1999907124963547,-0.17689942242345263
0.9200000000000007,0,-0.17045582777006552,2.998344506400618,-0.04740571452324242,0.05795389244961866,0.18313525503900716,-0.03623819664220809,0.13021997189124726,driving,1.1999911542556418,-0.17045582777006552
0.9250000000000007,0,-0.16575064031748227,2.997305684707782,-0.04650231776239286,0.05718136218880651,0.18253326387368077,-0.03892504932593604,0.13045248348005922,driving,1.19999157421754,-0.16575064031748227
0.9300000000000007,0,-0.17654751770102028,2.9959029100701327,-0.04559986540507611,0.05641667355955172,0.18234505080647193,-0.03961086274575863,0.1306804828070846,driving,1.1999919723709085,-0.17654751770102028
0.9350000000000007,0,-0.18259884435881613,2.9941155424220414,-0.04469924344463652,0.05565978717728306,0.18197254513637504,-0.040731605479745484,0.13090397902430778,driving,1.1999923496233187,-0.18259884435881613
0.9400000000000007,0,-0.17836538304783697,2.992843017375123,-0.04380175773409427,0.05490236738005595,0.18133742182815263,-0.04335595380351142,0.13112298781297826,driving,1.199992708723841,-0.17836538304783697
0.9450000000000007,0,-0.18727336949067164,2.991446037406201,-0.04290550250290535,0.05415009962341187,0.18109018645975364,-0.04452599356039596,0.1313375153254928,driving,1.1999930494747482,-0.18727336949067164
0.9500000000000007,0,-0.17311237671027047,2.9900667223230117,-0.04201372428365346,0.053391748063519956,0.18018412937360814,-0.04841438686303499,0.13154758394691105,driving,1.1999933745126536,-0.17311237671027047
0.9550000000000007,0,-0.18528836931724413,2.9887124857941254,-0.04112254930497461,0.052641441048952874,0.18005471807307746,-0.04935018704270253,0.1317531966934359,driving,1.1999936814977268,-0.18528836931724413
0.9600000000000007,0,-0.18260055104844333,2.9876842137222703,-0.040234182594004894,0.051889819648362874,0.17948255359297216,-0.05197965493157362,0.13195436760640594,driving,1.1999939737399714,-0.18260055104844333
0.9650000000000007,0,-0.178419684975507,2.9867429617843633,-0.03934870049783567,0.051135691679329624,0.17889320333254433,-0.05488866030075108,0.13215111110889513,driving,1.1999942519109195,-0.178419684975507
0.9700000000000008,0,-0.1747081871884068,2.985834314327602,-0.038466052544594384,0.050380100558356566,0.1783123835200024,-0.05761740745332677,0.1323434413716181,driving,1.199994516491804,-0.1747081871884068
0.9750000000000008,0,-0.17210307811116454,2.984968827159727,-0.037586174144921304,0.049624723993983946,0.17774326619826106,-0.06001355538092442,0.1325313722423427,driving,1.1999947679857355,-0.17210307811116454
0.9800000000000008,0,-0.1750402752471237,2.984144904948824,-0.036708395263173745,0.04887469100638537,0.17730186599197462,-0.061588193943065014,0.13271491421865858,driving,1.1999950057848079,-0.1750402752471237
0.9850000000000008,0,-0.18480577222615183,2.9836024984130507,-0.03583195048293228,0.04813220004746021,0.17701960080206736,-0.06220400716249928,0.13289407397107325,driving,1.1999952312655913,-0.18480577222615183
0.9900000000000008,0,-0.18871690495723803,2.9828326181609213,-0.034957488951064354,0.047393325465059685,0.17660043787648763,-0.06389400634792508,0.13306886141582858,driving,1.1999954447890517,-0.18871690495723803
0.9950000000000008,0,-0.17967517955603754,2.9826160067595087,-0.034086456227678606,0.0466464111123965,0.17589499727105207,-0.06762113731451118,0.13323929369696697,driving,1.1999956497740505,-0.17967517955603754
1.0000000000000007,0,-0.1798233854838041,2.9820238308498714,-0.03321748533754306,0.04589936065519882,0.17545687634964718,-0.07018448940605554,0.1334053811236547,driving,1.1999958435678966,-0.1798233854838041
1.0050000000000006,0,-0.17452874538224208,2.9819531423978227,-0.03235132390179905,0.04514842321374841,0.17486815936430367,-0.0733402333793077,0.13356713774316367,driving,1.1999960281919755,-0.17452874538224208
1.0100000000000005,0,-0.16994083196741908,2.9820772271243707,-0.03148791388110925,0.044394827244763006,0.17428997597813584,-0.07621676218458599,0.13372457731256923,driving,1.1999962039324035,-0.16994083196741908
1.0150000000000003,0,-0.16657686062050556,2.982270811603372,-0.030627189601422387,0.04364048417132996,0.17372401183659905,-0.07869810741249722,0.13387771326057635,driving,1.1999963710507777,-0.16657686062050556
1.0200000000000002,0,-0.16817808354067523,2.982499006350287,-0.029768583775778092,0.04289030919747561,0.1732662012513098,-0.0803727652055481,0.13402655617945525,driving,1.1999965287068037,-0.16817808354067523
1.0250000000000001,0,-0.1759755758918773,2.9829986903622685,-0.028911301450022152,0.042145768773097225,0.17297307583373836,-0.08130226639122928,0.13417111268670537,driving,1.199996678106028,-0.1759755758918773
1.03,0,-0.17805982579292712,2.9832690105477786,-0.02805605621105773,0.04140373251177167,0.17253113792761393,-0.08312920063278989,0.13431139296776065,driving,1.199996819379073,-0.17805982579292712
1.035,0,-0.15912744721040448,2.9843607151451645,-0.027205415833956872,0.04064954598932504,0.1715720895256711,-0.0878854770206458,0.13444742004693044,driving,1.1999969566324988,-0.15912744721040448
1.0399999999999998,0,-0.1665295391273549,2.985091433097888,-0.02635579439478055,0.03990055728074086,0.1713324607653566,-0.08914721821526206,0.13457919901890433,driving,1.199997085077616,-0.1665295391273549
1.0449999999999997,0,-0.1638913191398647,2.985982703849134,-0.025508719869246403,0.03915088689156561,0.1707863871903119,-0.09149166243789728,0.13470674261825055,driving,1.1999972075267245,-0.1638913191398647
1.0499999999999996,0,-0.15989482628876062,2.9869325245643075,-0.02466431050751763,0.038399690969292584,0.17021603371320657,-0.09404222690826954,0.13483006417078813,driving,1.1999973242866824,-0.15989482628876062
1.0549999999999995,0,-0.16965996568617653,2.987624723661848,-0.02382085325491597,0.037656419954094605,0.1699899979466888,-0.09466510678696399,0.1349491684370627,driving,1.1999974334439796,-0.16965996568617653
1.0599999999999994,0,-0.16617200527516685,2.9885871446589416,-0.02297996065768592,0.03691077574748526,0.1694406137586095,-0.09732279416772907,0.13506406824035114,driving,1.1999975380029844,-0.16617200527516685
1.0649999999999993,0,-0.1505985685453865,2.9899668930945693,-0.022142988701815882,0.03615536699543783,0.16861444751203064,-0.10173314272459985,0.13517478318386023,driving,1.1999976389539275,-0.1505985685453865
1.0699999999999992,0,-0.15173128359217808,2.991467001829059,-0.021307833162056006,0.03540133379455146,0.1682147624383389,-0.10361612977983901,0.1352813223496705,driving,1.1999977343402226,-0.15173128359217808
1.074999999999999,0,-0.14836938586060028,2.9927213298635342,-0.020475280201343732,0.034647298234587454,0.16765786694914928,-0.10581134063989131,0.1353836987506772,driving,1.1999978251053691,-0.14836938586060028
1.079999999999999,0,-0.14727477859042498,2.993936600294257,-0.019645046608782975,0.033895965574068834,0.16715451023692066,-0.10767315587588482,0.13548192398372114,driving,1.1999979103638423,-0.14727477859042498
1.0849999999999989,0,-0.1506893194329329,2.99542952399636,-0.018816570476435857,0.033148580030591276,0.16676831030824232,-0.10895268021503209,0.13557600683610332,driving,1.1999979911171994,-0.1506893194329329
1.0899999999999987,0,-0.14651045716446032,2.9967264166713496,-0.017990811086041367,0.03240007708054924,0.16619000163264167,-0.11132811111994723,0.13566596089153354,driving,1.1999980684371454,-0.14651045716446032
1.0949999999999986,0,-0.1431300597548395,2.9979991874373724,-0.017167526976607197,0.03165143681563027,0.1656570748924426,-0.1137416620146182,0.13575179852641658,driving,1.1999981412886012,-0.1431300597548395
1.0999999999999985,0,-0.1445705569173193,2.999639126340068,-0.016346144208117714,0.030905134643747945,0.16524133649138117,-0.11541795246290512,0.13583352924745717,driving,1.1999982096004678,-0.1445705569173193
1.1049999999999984,0,-0.12659716841473445,3.001603614780319,-0.015529131447348004,0.03014827201520993,0.16433163729704142,-0.11968506406768675,0.13591117490469393,driving,1.199998278575539,-0.12659716841473445
1.1099999999999983,0,-0.12887374919457,3.00267941652344,-0.014713835868749232,0.02939572643868729,0.16395495572249985,-0.12109446838191124,0.13598474408403768,driving,1.199998342006667,-0.12887374919457
1.1149999999999982,0,-0.12405896841825459,3.00383476464429,-0.013901429751135575,0.02864410249126209,0.16334442523844822,-0.12314766983088624,0.13605425123279336,driving,1.19999840252537,-0.12405896841825459
1.119999999999998,0,-0.12789012697070734,3.0047852597067894,-0.013090769270696205,0.0278988091858536,0.1629644042304193,-0.12411637090924169,0.13611970507914684,driving,1.1999984583117749,-0.12789012697070734
1.124999999999998,0,-0.12221545315448884,3.0059901555470736,-0.012283084314754254,0.02715292583364239,0.16233860639984785,-0.12644197025281073,0.13618112050072062,driving,1.19999851217872,-0.12221545315448884
1.129999999999998,0,-0.11460024479843806,3.007280927170885,-0.011478570386215773,0.02640524049823648,0.16167410414655248,-0.12904169680948369,0.1362385133526517,driving,1.1999985641287594,-0.11460024479843806
1.1349999999999978,0,-0.10965160885667441,3.008542967850169,-0.010676993078081,0.02565930994740446,0.16105489207485393,-0.13105644775418268,0.1362918983180421,driving,1.1999986128124207,-0.10965160885667441
1.1399999999999977,0,-0.1078936889838813,3.0099554845209755,-0.009877901860497272,0.024915666984481152,0.16052902978160383,-0.1327000221628179,0.1363412878273446,driving,1.1999986589694613,-0.1078936889838813
1.1449999999999976,0,-0.09989859675294871,3.0110125796419576,-0.009082180053227073,0.02417056567814795,0.15982849072706456,-0.13506630668757488,0.13638669872761072,driving,1.1999987046093195,-0.09989859675294871
1.1499999999999975,0,-0.09973493884560014,3.0110989403456796,-0.008288772625286423,0.023429558686022662,0.15934096792141977,-0.13641830770673172,0.13642814259073716,driving,1.1999987460004002,-0.09973493884560014
1.1549999999999974,0,-0.09378695065904119,3.0112911549598613,-0.007498573795857094,0.022689815967527744,0.15867500298092854,-0.13838588422060927,0.13646563545971643,driving,1.1999987859267174,-0.09378695065904119
1.1599999999999973,0,-0.08819884640972414,3.0116221281251203,-0.00671159370205135,0.02195252172615926,0.1580061917053695,-0.1402126782093321,0.1364991934282267,driving,1.1999988233254675,-0.08819884640972414
1.1649999999999971,0,-0.0816804231985086,3.0125407856985595,-0.0059280042200072856,0.021217095235792127,0.15730316050762638,-0.1420850597177547,0.13652883344932673,driving,1.1999988597024647,-0.0816804231985086
1.169999999999997,0,-0.07836601266383159,3.01318050787943,-0.005147171321277387,0.020483378899719545,0.15672949453133758,-0.14383909872134423,0.13655456930593313,driving,1.1999988939304107,-0.07836601266383159
