1.000000000000000000e+00 1.487198143214632466e+02 -1.236151925522934647e+01 3.363913375737481459e+01 5.271492517521163546e-01 -9.999999999999870326e+00
1.500000000000000000e+00 8.339147502121141997e+01 -4.910699128628293053e+00 1.871987161437938241e+01 9.800640968620593085e-01 -1.000000000000007816e+01
2.000000000000000000e+00 5.463679788612954269e+01 -3.222391315351902374e-01 1.208209164768404698e+01 1.149857250502577033e+00 -9.999999999999973355e+00
2.500000000000000000e+00 3.947389522937561424e+01 2.835670088670013467e+00 8.519528256576434089e+00 1.217280977782961404e+00 -1.000000000000034994e+01
3.000000000000000000e+00 3.065451964278078734e+01 5.159395617167121806e+00 6.393420053940608305e+00 1.239971985433401924e+00 -9.999999999999836575e+00
3.500000000000000000e+00 2.519520090196401085e+01 6.965758704466706419e+00 5.031890422519244233e+00 1.241525115150153846e+00 -9.999999999999694467e+00
4.000000000000000000e+00 2.165246790591835335e+01 8.439534803895663018e+00 4.111185310241917357e+00 1.232739173281571343e+00 -9.999999999999708677e+00
4.500000000000000000e+00 1.925669706684628579e+01 9.690200566709645358e+00 3.458811473403280878e+00 1.218713134439455281e+00 -9.999999999999818812e+00
5.000000000000000000e+00 1.757387785482634257e+01 1.078236425399412290e+01 2.977050107570547333e+00 1.201864121258451990e+00 -9.999999999999554134e+00
5.500000000000000000e+00 1.635010626368536890e+01 1.175455846686271677e+01 2.608183128950859686e+00 1.183360108178542314e+00 -1.000000000000009415e+01
6.000000000000000000e+00 1.543215273582561942e+01 1.263061440291187409e+01 2.316907495495213798e+00 1.163801721443973536e+00 -9.999999999999815259e+00
6.500000000000000000e+00 1.472467081191514637e+01 1.342617421970231995e+01 2.080897183858795074e+00 1.143535510233844921e+00 -1.000000000000070344e+01
