1.000000000000000000e+00 1.487198143214638719e+02 -1.236151925522943529e+01 3.363913375737496381e+01 5.271492517521135790e-01 -9.999999999999943157e+00
1.500000000000000000e+00 8.339147502121147681e+01 -4.910699128628234433e+00 1.871987161437937530e+01 9.800640968620637494e-01 -1.000000000000003197e+01
2.000000000000000000e+00 5.463679788612951427e+01 -3.222391315351888497e-01 1.208209164768403987e+01 1.149857250502576811e+00 -9.999999999999969802e+00
2.500000000000000000e+00 3.947389522937560713e+01 2.835670088670020572e+00 8.519528256576428760e+00 1.217280977782961404e+00 -1.000000000000033928e+01
3.000000000000000000e+00 3.065451964278098629e+01 5.159395617167048087e+00 6.393420053940642056e+00 1.239971985433402368e+00 -1.000000000000004974e+01
3.500000000000000000e+00 2.519520090196394335e+01 6.965758704466671780e+00 5.031890422519261108e+00 1.241525115150160730e+00 -9.999999999999719336e+00
4.000000000000000000e+00 2.165246790591838533e+01 8.439534803895647030e+00 4.111185310241924462e+00 1.232739173281572231e+00 -9.999999999999772626e+00
4.500000000000000000e+00 1.925669706684580262e+01 9.690200566709661345e+00 3.458811473403253345e+00 1.218713134439455947e+00 -9.999999999999849010e+00
5.000000000000000000e+00 1.757387785482634257e+01 1.078236425399412290e+01 2.977050107570547333e+00 1.201864121258451990e+00 -9.999999999999554134e+00
5.500000000000000000e+00 1.635010626368522679e+01 1.175455846686245209e+01 2.608183128950845031e+00 1.183360108178526993e+00 -1.000000000000031619e+01
6.000000000000000000e+00 1.543215273582554303e+01 1.263061440291190252e+01 2.316907495495205360e+00 1.163801721443972426e+00 -9.999999999999678479e+00
6.500000000000000000e+00 1.472467081191515526e+01 1.342617421970231462e+01 2.080897183858797295e+00 1.143535510233844921e+00 -1.000000000000073896e+01
